,StorageLevel,Inflow,Outflow,Precipitation,AvgTemp,SnowDepth,Snowfall,Precip_7d_sum,Precip_30d_sum,Temp_7d_avg,SnowDepth_30d_avg,Snowfall_7d_sum,Month,Forecast_Precip_7d_sum,Forecast_Temp_7d_avg
2014-01-30,343.85,5.03,5.02,2.5,-2.7,95.5,0.0,27.25,182.75,-1.7857142857142858,101.58333333333333,24.5,1,54.0,-1.6999999999999997
2014-01-31,343.88,6.28,5.2,18.5,-1.6,118.5,31.5,45.75,169.25,-1.5928571428571432,103.38333333333334,56.0,1,37.0,-2.2142857142857144
2014-02-01,343.89,4.9,5.25,0.5,-0.25,117.5,1.0,43.0,163.25,-2.1214285714285714,104.55,56.5,2,40.5,-3.0714285714285716
2014-02-02,343.89,6.0,5.28,12.75,0.5,106.0,7.0,48.75,172.5,-2.0642857142857145,105.53333333333333,58.0,2,35.5,-3.492857142857143
2014-02-03,343.95,9.62,5.68,6.0,3.7,99.5,0.5,54.75,176.5,-1.0214285714285716,106.38333333333334,56.5,2,30.5,-4.621428571428572
2014-02-04,344.09,11.55,6.82,2.25,-2.4,96.5,8.0,44.5,178.75,-0.8285714285714286,107.26666666666667,53.5,2,28.5,-4.464285714285714
2014-02-05,344.18,9.44,7.59,11.0,-6.85,116.5,25.5,53.5,187.25,-1.3714285714285717,108.68333333333334,73.5,2,17.5,-3.8214285714285716
2014-02-06,344.18,6.93,7.66,3.0,-5.0,118.0,8.0,54.0,190.25,-1.7,110.28333333333333,81.5,2,14.75,-3.4714285714285715
2014-02-07,344.16,6.37,7.46,1.5,-5.2,119.0,6.0,37.0,188.5,-2.2142857142857144,112.08333333333333,56.0,2,13.75,-3.064285714285714
2014-02-08,344.13,6.46,7.19,4.0,-6.25,118.0,7.0,40.5,182.0,-3.0714285714285716,113.45,62.0,2,23.0,-2.142857142857143
2014-02-09,344.11,6.33,7.06,7.75,-2.45,127.5,15.0,35.5,173.75,-3.4928571428571433,114.28333333333333,70.0,2,18.75,-1.5857142857142859
2014-02-10,344.08,5.7,6.79,1.0,-4.2,119.5,4.0,30.5,157.5,-4.621428571428572,114.3,73.5,2,19.5,-1.1714285714285713
2014-02-11,344.05,5.07,6.49,0.25,-1.2999999999999998,117.0,1.5,28.5,142.25,-4.464285714285714,114.03333333333333,67.0,2,20.0,-1.4428571428571428
2014-02-12,344.02,5.13,6.19,0.0,-2.35,112.5,0.5,17.5,134.5,-3.8214285714285716,113.48333333333333,42.0,2,20.25,-1.4928571428571427
2014-02-13,343.98,4.88,5.94,0.25,-2.55,110.0,2.5,14.75,128.5,-3.4714285714285715,112.91666666666667,36.5,2,21.75,-1.3714285714285714
2014-02-14,343.95,4.66,5.72,0.5,-2.35,112.0,3.0,13.75,128.0,-3.0642857142857145,112.48333333333333,33.5,2,23.25,-1.4642857142857142
2014-02-15,343.93,5.24,5.59,13.25,0.2,117.0,11.0,23.0,134.75,-2.1428571428571432,112.23333333333333,37.5,2,11.0,-1.9
2014-02-16,343.92,4.81,5.51,3.5,1.45,117.5,4.0,18.75,138.0,-1.5857142857142856,112.13333333333334,26.5,2,7.75,-2.492857142857143
2014-02-17,343.9,4.97,5.32,1.75,-1.3,118.0,7.5,19.5,137.25,-1.1714285714285715,112.36666666666666,30.0,2,6.0,-2.3642857142857143
2014-02-18,343.88,3.7,5.12,0.75,-3.1999999999999997,119.0,5.0,20.0,132.25,-1.442857142857143,112.36666666666666,33.5,2,6.75,-1.7857142857142858
2014-02-19,343.85,4.2,4.9,0.25,-2.7,118.5,4.5,20.25,128.25,-1.492857142857143,112.45,37.5,2,6.5,-1.0714285714285716
2014-02-20,343.83,3.66,4.72,1.75,-1.7,119.0,7.0,21.75,129.5,-1.3714285714285714,112.61666666666666,42.0,2,6.25,-0.5357142857142858
2014-02-21,343.81,4.23,4.58,2.0,-3.0,122.0,8.0,23.25,121.75,-1.4642857142857142,112.55,47.0,2,8.25,0.4499999999999999
2014-02-22,343.79,3.75,4.45,1.0,-2.85,120.5,4.5,11.0,120.75,-1.9000000000000001,112.3,40.5,2,7.25,1.05
2014-02-23,343.77,3.61,4.31,0.25,-2.7,117.5,2.5,7.75,121.0,-2.4928571428571433,112.33333333333333,39.0,2,7.0,1.614285714285714
2014-02-24,343.75,3.47,4.17,0.0,-0.4,111.0,0.5,6.0,117.75,-2.3642857142857143,112.38333333333334,32.0,2,7.25,1.457142857142857
2014-02-25,343.73,3.69,4.04,1.5,0.85,109.0,1.5,6.75,112.25,-1.785714285714286,112.76666666666667,28.5,2,6.75,1.3928571428571428
2014-02-26,343.72,3.25,3.95,0.0,2.3,107.0,1.0,6.5,112.25,-1.0714285714285716,113.25,25.0,2,9.75,1.1357142857142857
2014-02-27,343.71,3.89,3.88,1.5,2.0500000000000003,102.5,0.0,6.25,101.25,-0.5357142857142859,113.41666666666667,18.0,2,14.75,0.44285714285714295
2014-02-28,343.76,8.52,4.22,4.0,3.9,99.0,0.0,8.25,103.25,0.4499999999999998,113.36666666666666,10.0,2,23.25,-0.6857142857142857
2014-03-01,343.87,7.54,5.03,0.0,1.35,93.5,0.5,7.25,100.75,1.0499999999999996,113.3,6.0,3,37.5,-1.3642857142857143
2014-03-02,343.91,6.09,5.37,0.0,1.25,92.0,1.5,7.0,82.25,1.614285714285714,112.41666666666667,5.0,3,45.25,-1.6285714285714286
2014-03-03,343.93,5.87,5.5,0.25,-1.5,90.0,2.5,7.25,82.0,1.457142857142857,111.5,7.0,3,49.25,-1.7714285714285716
2014-03-04,343.93,5.53,5.52,1.0,0.4,92.5,3.0,6.75,70.25,1.3928571428571426,111.05,8.5,3,63.0,-1.9357142857142857
2014-03-05,343.93,5.47,5.46,3.0,0.5,89.0,1.5,9.75,67.25,1.1357142857142857,110.7,9.0,3,73.0,-2.028571428571429
2014-03-06,343.93,5.53,5.52,6.5,-2.8,101.0,14.5,14.75,71.5,0.44285714285714267,110.85,23.5,3,95.25,-1.4428571428571428
2014-03-07,343.94,5.56,5.56,12.5,-4.0,117.0,23.0,23.25,73.0,-0.6857142857142858,110.86666666666666,46.5,3,84.0,-0.7714285714285715
2014-03-08,343.94,6.3,5.58,14.25,-3.4,129.5,17.0,37.5,84.25,-1.3642857142857143,111.25,63.0,3,69.75,-0.17857142857142858
2014-03-09,343.92,4.0,5.43,7.75,-0.6,129.5,15.5,45.25,90.5,-1.6285714285714286,111.6,77.0,3,72.75,0.07857142857142856
2014-03-10,343.9,4.57,5.27,4.25,-2.5,124.5,6.5,49.25,90.75,-1.7714285714285716,111.81666666666666,81.0,3,68.5,0.8642857142857142
2014-03-11,343.88,4.45,5.15,14.75,-0.75,134.5,22.5,63.0,97.75,-1.9357142857142857,112.05,100.5,3,59.25,1.3071428571428572
2014-03-12,343.86,4.29,4.98,13.0,-0.14999999999999997,139.5,8.0,73.0,109.75,-2.028571428571429,112.71666666666667,107.0,3,46.5,1.8142857142857145
2014-03-13,343.84,4.87,4.85,28.75,1.3,131.0,6.5,95.25,138.25,-1.442857142857143,113.18333333333334,99.0,3,43.0,1.7428571428571427
2014-03-14,343.85,5.32,4.94,1.25,0.7,123.0,3.0,84.0,139.5,-0.7714285714285715,113.53333333333333,79.0,3,46.0,1.7571428571428573
2014-03-15,343.85,4.59,4.93,0.0,0.75,119.5,0.5,69.75,139.25,-0.1785714285714287,113.85,62.5,3,48.75,1.992857142857143
2014-03-16,343.84,4.52,4.86,10.75,1.2,126.0,12.5,72.75,149.5,0.07857142857142843,114.31666666666666,59.5,3,40.25,2.2714285714285714
2014-03-17,343.83,4.07,4.76,0.0,3.0,119.5,0.0,68.5,136.25,0.8642857142857141,114.4,53.0,3,40.25,2.521428571428572
2014-03-18,343.82,5.45,4.72,5.5,2.35,113.0,2.0,59.25,138.25,1.307142857142857,114.25,32.5,3,34.75,3.2142857142857144
2014-03-19,343.86,6.41,4.96,0.25,3.4000000000000004,109.0,0.0,46.5,136.75,1.8142857142857143,113.95,24.5,3,34.5,3.9071428571428575
2014-03-20,343.91,7.91,5.39,25.25,0.8,114.5,12.5,43.0,161.25,1.7428571428571427,113.8,30.5,3,9.25,4.935714285714285
2014-03-21,343.96,6.52,5.79,4.25,0.8,115.5,6.5,46.0,165.25,1.7571428571428573,113.7,34.0,3,5.0,5.721428571428572
2014-03-22,343.96,5.44,5.78,2.75,2.4000000000000004,112.5,5.0,48.75,166.25,1.9928571428571427,113.48333333333333,38.5,3,2.25,6.5
2014-03-23,343.95,5.37,5.71,2.25,3.1500000000000004,109.5,1.0,40.25,166.5,2.2714285714285714,113.06666666666666,27.0,3,30.75,6.75
2014-03-24,343.94,5.66,5.64,0.0,4.75,106.5,0.0,40.25,165.5,2.5214285714285714,112.6,27.0,3,33.0,6.778571428571429
2014-03-25,343.99,10.32,6.01,0.0,7.2,104.0,0.0,34.75,165.25,3.2142857142857144,112.15,25.0,3,33.0,6.628571428571428
2014-03-26,344.34,28.83,8.95,0.0,8.25,101.0,0.5,34.5,165.25,3.9071428571428575,111.81666666666666,25.5,3,33.0,6.328571428571429
2014-03-27,344.83,30.73,13.79,0.0,8.0,98.0,0.5,9.25,163.75,4.935714285714285,111.45,13.5,3,38.0,6.471428571428571
2014-03-28,345.32,33.5,10.89,0.0,6.3,94.5,0.5,5.0,163.75,5.721428571428572,111.03333333333333,7.5,3,71.0,6.528571428571429
2014-03-29,346.1,41.7,6.72,0.0,7.8500000000000005,92.5,1.5,2.25,162.25,6.5,110.7,4.0,3,81.75,5.671428571428571
2014-03-30,347.02,52.18,15.58,30.75,4.9,89.0,0.0,30.75,189.0,6.75,110.36666666666666,3.0,3,53.75,5.321428571428571
2014-03-31,347.9,52.42,32.79,2.25,4.949999999999999,87.5,2.0,33.0,191.25,6.778571428571429,110.16666666666667,5.0,3,51.5,5.507142857142857
2014-04-01,347.91,29.97,37.15,0.0,6.1499999999999995,84.5,0.0,33.0,191.25,6.628571428571428,109.91666666666667,5.0,4,51.5,5.714285714285714
2014-04-02,347.7,26.23,33.8,0.0,6.15,81.0,0.0,33.0,191.0,6.328571428571429,109.61666666666666,4.5,4,51.5,5.792857142857143
2014-04-03,347.59,34.66,35.03,5.0,9.0,78.5,0.0,38.0,195.0,6.471428571428571,109.15,4.0,4,47.5,5.207142857142857
2014-04-04,348.02,88.62,59.52,33.0,6.699999999999999,75.5,0.0,71.0,225.0,6.528571428571429,108.7,3.5,4,14.5,4.957142857142857
2014-04-05,348.22,54.74,68.97,10.75,1.85,82.5,11.5,81.75,229.25,5.671428571428571,108.08333333333333,13.5,4,3.75,5.542857142857143
2014-04-06,347.65,31.76,57.34,2.75,2.45,79.5,4.0,53.75,219.5,5.321428571428571,106.83333333333333,17.5,4,1.0,6.05
2014-04-07,347.02,21.63,45.19,0.0,6.25,78.0,0.0,51.5,205.25,5.507142857142857,105.11666666666666,15.5,4,1.0,6.064285714285714
2014-04-08,346.59,24.35,27.42,0.0,7.6,74.0,1.0,51.5,197.5,5.714285714285714,103.26666666666667,16.5,4,2.0,6.057142857142858
2014-04-09,346.9,27.01,9.5,0.0,6.7,69.5,1.0,51.5,193.25,5.792857142857143,101.43333333333334,17.5,4,2.0,6.307142857142857
2014-04-10,347.28,28.91,20.48,1.0,4.9,67.0,3.0,47.5,179.5,5.207142857142857,99.18333333333334,20.5,4,1.0,6.728571428571429
2014-04-11,347.24,26.59,34.16,0.0,4.949999999999999,65.5,2.0,14.5,166.5,4.957142857142857,96.71666666666667,22.5,4,1.0,6.957142857142856
2014-04-12,347.03,24.97,33.55,0.0,5.95,63.0,0.5,3.75,137.75,5.542857142857143,94.45,11.5,4,1.0,6.857142857142857
2014-04-13,346.82,26.74,32.9,0.0,6.0,61.0,1.0,1.0,136.5,6.05,92.38333333333334,8.5,4,1.0,6.885714285714286
2014-04-14,346.7,28.97,31.65,0.0,6.3500000000000005,58.0,2.0,1.0,136.5,6.064285714285714,90.33333333333333,10.5,4,1.0,6.985714285714286
2014-04-15,346.68,33.0,31.42,1.0,7.55,55.5,2.0,2.0,126.75,6.057142857142858,87.98333333333333,11.5,4,0.25,7.249999999999999
2014-04-16,346.8,42.57,38.28,0.0,8.45,51.0,0.0,2.0,126.75,6.307142857142857,85.7,10.5,4,0.25,7.321428571428571
2014-04-17,346.72,39.67,47.78,0.0,7.85,48.0,0.0,1.0,121.25,6.728571428571429,83.53333333333333,7.5,4,0.25,7.578571428571428
2014-04-18,346.48,34.69,45.51,0.0,6.55,44.5,0.0,1.0,121.0,6.957142857142856,81.38333333333334,5.5,4,0.25,8.157142857142857
2014-04-19,346.19,32.26,43.08,0.0,5.25,41.5,0.0,1.0,95.75,6.857142857142857,78.95,5.0,4,0.25,9.135714285714286
2014-04-20,345.93,33.37,41.34,0.0,6.199999999999999,39.0,0.0,1.0,91.5,6.885714285714286,76.4,4.0,4,0.25,10.114285714285714
2014-04-21,345.78,32.48,37.4,0.0,7.05,35.5,1.0,1.0,88.75,6.985714285714286,73.83333333333333,3.0,4,0.25,10.642857142857142
2014-04-22,345.75,41.26,35.53,0.25,9.4,34.0,1.0,0.25,86.75,7.249999999999999,71.31666666666666,2.0,4,0.0,10.764285714285714
2014-04-23,345.97,44.23,38.5,0.0,8.95,30.0,0.0,0.25,86.75,7.321428571428571,68.76666666666667,2.0,4,4.25,11.078571428571431
2014-04-24,346.02,47.32,44.62,0.0,9.649999999999999,27.0,0.0,0.25,86.75,7.578571428571428,66.2,2.0,4,24.75,11.564285714285715
2014-04-25,346.15,52.1,46.66,0.0,10.6,23.0,0.0,0.25,86.75,8.157142857142857,63.6,2.0,4,28.0,11.842857142857143
2014-04-26,346.27,56.0,50.95,0.0,12.100000000000001,18.5,0.0,0.25,86.75,9.135714285714286,60.95,2.0,4,28.25,11.985714285714286
2014-04-27,346.45,62.16,52.46,0.0,13.05,14.5,0.0,0.25,86.75,10.114285714285714,58.28333333333333,2.0,4,28.25,11.857142857142858
2014-04-28,346.67,63.19,61.24,0.0,10.75,10.0,0.0,0.25,86.75,10.642857142857142,55.53333333333333,1.0,4,30.5,12.1
2014-04-29,346.55,61.24,68.21,0.0,10.25,7.5,0.0,0.0,56.0,10.764285714285714,52.81666666666667,0.0,4,30.75,12.178571428571429
2014-04-30,346.37,58.45,66.58,4.25,11.149999999999999,0.0,0.0,4.25,58.0,11.078571428571431,49.9,0.0,4,26.5,12.142857142857142
2014-05-01,346.53,93.4,67.08,20.5,13.05,0.0,0.0,24.75,78.5,11.564285714285715,47.083333333333336,0.0,5,6.0,12.207142857142857
2014-05-02,347.22,89.51,72.05,3.25,12.55,0.0,0.0,28.0,81.75,11.842857142857143,44.38333333333333,0.0,5,12.0,12.12142857142857
2014-05-03,347.41,79.86,76.66,0.25,13.100000000000001,0.0,0.0,28.25,77.0,11.985714285714286,41.766666666666666,0.0,5,14.25,11.678571428571429
2014-05-04,347.39,68.48,76.48,0.0,12.15,0.0,0.0,28.25,44.0,11.857142857142858,39.25,0.0,5,14.25,11.950000000000001
2014-05-05,347.05,56.29,72.43,2.25,12.45,0.0,0.0,30.5,35.5,12.1,36.5,0.0,5,12.75,12.285714285714286
2014-05-06,346.7,57.1,68.33,0.25,10.8,0.0,0.0,30.75,33.0,12.178571428571429,33.85,0.0,5,14.5,12.957142857142857
2014-05-07,346.36,49.34,65.21,0.0,10.9,0.0,0.0,26.5,33.0,12.142857142857142,31.25,0.0,5,14.5,14.028571428571427
2014-05-08,345.94,48.07,58.79,0.0,13.5,0.0,0.0,6.0,33.0,12.207142857142857,28.783333333333335,0.0,5,18.75,14.471428571428572
2014-05-09,345.96,59.34,54.02,9.25,11.95,0.0,0.0,12.0,42.25,12.12142857142857,26.466666666666665,0.0,5,23.25,14.599999999999998
2014-05-10,346.02,55.4,58.06,2.5,10.0,0.0,0.0,14.25,43.75,11.678571428571429,24.233333333333334,0.0,5,32.75,14.578571428571427
2014-05-11,345.85,52.17,57.11,0.0,14.05,0.0,0.0,14.25,43.75,11.950000000000001,22.05,0.0,5,34.25,14.342857142857142
2014-05-12,345.75,53.24,56.66,0.75,14.8,0.0,0.0,12.75,44.5,12.285714285714286,19.95,0.0,5,33.5,14.192857142857141
2014-05-13,345.8,64.84,56.85,2.0,15.5,0.0,0.0,14.5,46.5,12.957142857142857,17.916666666666668,0.0,5,31.5,14.285714285714286
2014-05-14,345.99,65.09,57.82,0.0,18.4,0.0,0.0,14.5,46.5,14.028571428571427,15.983333333333333,0.0,5,52.75,13.707142857142856
2014-05-15,346.1,56.49,58.43,4.25,16.6,0.0,0.0,18.75,49.75,14.471428571428572,14.133333333333333,0.0,5,62.75,13.014285714285714
2014-05-16,346.06,58.53,58.14,13.75,12.85,0.0,0.0,23.25,63.5,14.599999999999998,12.433333333333334,0.0,5,49.75,13.12857142857143
2014-05-17,346.31,72.78,60.01,12.0,9.85,0.0,0.0,32.75,75.5,14.578571428571427,10.833333333333334,0.0,5,37.75,13.9
2014-05-18,346.34,52.56,60.3,1.5,12.4,0.0,0.0,34.25,77.0,14.342857142857142,9.35,0.0,5,36.25,14.764285714285716
2014-05-19,346.06,46.67,58.19,0.0,13.75,0.0,0.0,33.5,77.0,14.192857142857141,7.966666666666667,0.0,5,40.0,15.192857142857145
2014-05-20,345.72,42.32,56.45,0.0,16.15,0.0,0.0,31.5,77.0,14.285714285714286,6.666666666666667,0.0,5,47.0,15.457142857142857
2014-05-21,345.45,55.1,55.85,21.25,14.350000000000001,0.0,0.0,52.75,98.25,13.707142857142856,5.483333333333333,0.0,5,25.75,16.2
2014-05-22,345.77,69.34,56.36,14.25,11.75,0.0,0.0,62.75,112.25,13.014285714285714,4.35,0.0,5,11.5,17.38571428571429
2014-05-23,345.79,49.56,55.27,0.75,13.649999999999999,0.0,0.0,49.75,113.0,13.12857142857143,3.35,0.0,5,10.75,18.42142857142857
2014-05-24,345.6,43.05,51.45,0.0,15.25,0.0,0.0,37.75,113.0,13.9,2.45,0.0,5,10.75,19.22142857142857
2014-05-25,345.39,42.71,51.32,0.0,18.450000000000003,0.0,0.0,36.25,113.0,14.764285714285716,1.6833333333333333,0.0,5,10.75,19.614285714285717
2014-05-26,345.16,38.07,42.19,3.75,16.75,0.0,0.0,40.0,116.75,15.192857142857145,1.0666666666666667,0.0,5,7.0,20.3
2014-05-27,345.28,44.58,36.35,7.0,18.0,0.0,0.0,47.0,123.75,15.457142857142857,0.5833333333333334,0.0,5,0.0,20.692857142857143
2014-05-28,345.43,37.94,32.7,0.0,19.55,0.0,0.0,25.75,123.75,16.2,0.25,0.0,5,0.0,20.88571428571429
2014-05-29,345.58,35.26,30.68,0.0,20.05,0.0,0.0,11.5,123.75,17.38571428571429,0.0,0.0,5,0.0,20.87857142857143
2014-05-30,345.66,33.45,30.76,0.0,20.9,0.0,0.0,10.75,119.5,18.42142857142857,0.0,0.0,5,3.0,20.557142857142857
2014-05-31,345.72,32.81,30.91,0.0,20.85,0.0,0.0,10.75,99.0,19.22142857142857,0.0,0.0,5,6.0,20.235714285714288
2014-06-01,345.75,31.4,31.02,0.0,21.200000000000003,0.0,0.0,10.75,95.75,19.614285714285717,0.0,0.0,6,13.5,19.949999999999996
2014-06-02,345.74,28.68,30.96,0.0,21.55,0.0,0.0,7.0,95.5,20.3,0.0,0.0,6,16.0,19.857142857142858
2014-06-03,345.66,25.25,27.54,0.0,20.75,0.0,0.0,0.0,95.5,20.692857142857143,0.0,0.0,6,16.5,20.007142857142856
2014-06-04,345.63,24.39,25.57,0.0,20.9,0.0,0.0,0.0,93.25,20.88571428571429,0.0,0.0,6,19.25,20.021428571428572
2014-06-05,345.6,23.58,25.51,0.0,20.0,0.0,0.0,0.0,93.0,20.87857142857143,0.0,0.0,6,38.5,19.885714285714283
2014-06-06,345.61,27.45,25.52,3.0,18.65,0.0,0.0,3.0,96.0,20.557142857142857,0.0,0.0,6,52.5,19.807142857142857
2014-06-07,345.62,26.71,25.53,3.0,18.6,0.0,0.0,6.0,99.0,20.235714285714288,0.0,0.0,6,56.5,19.564285714285713
2014-06-08,345.98,68.07,40.08,7.5,19.2,0.0,0.0,13.5,97.25,19.949999999999996,0.0,0.0,6,49.25,19.47142857142857
2014-06-09,346.37,53.62,59.43,2.5,20.9,0.0,0.0,16.0,97.25,19.857142857142858,0.0,0.0,6,46.75,19.29285714285714
2014-06-10,346.19,43.44,49.25,0.5,21.8,0.0,0.0,16.5,97.75,20.007142857142856,0.0,0.0,6,47.75,19.05
2014-06-11,345.92,37.91,51.62,2.75,21.0,0.0,0.0,19.25,99.75,20.021428571428572,0.0,0.0,6,46.25,19.02142857142857
2014-06-12,345.8,84.03,67.23,19.25,19.05,0.0,0.0,38.5,117.0,19.885714285714283,0.0,0.0,6,27.0,19.07857142857143
2014-06-13,346.23,67.7,65.76,17.0,18.1,0.0,0.0,52.5,134.0,19.807142857142857,0.0,0.0,6,12.5,19.07857142857143
2014-06-14,346.2,40.82,42.76,7.0,16.9,0.0,0.0,56.5,136.75,19.564285714285713,0.0,0.0,6,5.5,19.592857142857145
2014-06-15,346.12,32.76,38.15,0.25,18.549999999999997,0.0,0.0,49.25,123.25,19.47142857142857,0.0,0.0,6,18.0,19.864285714285717
2014-06-16,345.9,26.37,36.64,0.0,19.65,0.0,0.0,46.75,111.25,19.29285714285714,0.0,0.0,6,18.0,19.72142857142857
2014-06-17,345.63,21.08,27.25,1.5,20.1,0.0,0.0,47.75,111.25,19.05,0.0,0.0,6,16.5,19.67142857142857
2014-06-18,345.54,16.68,19.67,1.25,20.799999999999997,0.0,0.0,46.25,112.5,19.02142857142857,0.0,0.0,6,15.75,19.664285714285715
2014-06-19,345.44,10.71,16.32,0.0,19.450000000000003,0.0,0.0,27.0,112.5,19.07857142857143,0.0,0.0,6,15.75,20.114285714285717
2014-06-20,345.34,14.07,16.31,2.5,18.1,0.0,0.0,12.5,93.75,19.07857142857143,0.0,0.0,6,13.25,20.72857142857143
2014-06-21,345.26,12.53,16.27,0.0,20.5,0.0,0.0,5.5,79.5,19.592857142857145,0.0,0.0,6,13.25,20.97142857142857
2014-06-22,345.15,11.81,16.3,12.75,20.450000000000003,0.0,0.0,18.0,91.5,19.864285714285717,0.0,0.0,6,20.0,20.86428571428571
2014-06-23,345.02,11.07,16.23,0.0,18.65,0.0,0.0,18.0,91.5,19.72142857142857,0.0,0.0,6,22.25,20.885714285714283
2014-06-24,344.82,10.48,22.25,0.0,19.75,0.0,0.0,16.5,91.5,19.67142857142857,0.0,0.0,6,24.5,21.07857142857143
2014-06-25,344.39,9.31,26.22,0.5,20.75,0.0,0.0,15.75,88.25,19.664285714285715,0.0,0.0,6,24.0,21.25714285714286
2014-06-26,343.95,9.37,21.98,0.0,22.6,0.0,0.0,15.75,81.25,20.114285714285717,0.0,0.0,6,24.0,21.164285714285715
2014-06-27,343.68,8.74,18.39,0.0,22.4,0.0,0.0,13.25,81.25,20.72857142857143,0.0,0.0,6,24.0,21.150000000000002
2014-06-28,343.39,10.12,20.48,0.0,22.2,0.0,0.0,13.25,81.25,20.97142857142857,0.0,0.0,6,24.0,20.978571428571428
2014-06-29,343.23,23.17,25.31,19.5,19.700000000000003,0.0,0.0,20.0,100.75,20.86428571428571,0.0,0.0,6,4.5,21.4
2014-06-30,343.02,14.39,24.3,2.25,18.799999999999997,0.0,0.0,22.25,103.0,20.885714285714283,0.0,0.0,6,2.25,21.921428571428574
2014-07-01,342.84,13.23,17.76,2.25,21.1,0.0,0.0,24.5,105.25,21.07857142857143,0.0,0.0,7,0.0,22.357142857142858
2014-07-02,342.72,11.76,15.95,0.0,22.0,0.0,0.0,24.0,105.25,21.25714285714286,0.0,0.0,7,2.0,22.49285714285714
2014-07-03,342.59,10.71,15.94,0.0,21.95,0.0,0.0,24.0,105.25,21.164285714285715,0.0,0.0,7,74.5,22.442857142857143
2014-07-04,342.43,9.78,16.06,0.0,22.3,0.0,0.0,24.0,105.25,21.150000000000002,0.0,0.0,7,105.75,22.535714285714285
2014-07-05,342.24,8.66,15.98,0.0,21.0,0.0,0.0,24.0,105.25,20.978571428571428,0.0,0.0,7,105.75,22.935714285714283
2014-07-06,342.01,8.05,15.96,0.0,22.65,0.0,0.0,4.5,102.25,21.4,0.0,0.0,7,109.5,22.7
2014-07-07,341.77,7.03,15.92,0.0,22.45,0.0,0.0,2.25,99.25,21.921428571428574,0.0,0.0,7,110.75,22.614285714285717
2014-07-08,341.51,7.36,15.91,0.0,24.15,0.0,0.0,0.0,91.75,22.357142857142858,0.0,0.0,7,110.75,22.46428571428572
2014-07-09,341.25,6.64,15.88,2.0,22.950000000000003,0.0,0.0,2.0,91.25,22.49285714285714,0.0,0.0,7,117.0,22.264285714285712
2014-07-10,341.12,22.63,15.45,72.5,21.6,0.0,0.0,74.5,163.25,22.442857142857143,0.0,0.0,7,47.0,22.22857142857143
2014-07-11,341.95,48.51,15.52,31.25,22.95,0.0,0.0,105.75,191.75,22.535714285714285,0.0,0.0,7,15.75,21.935714285714283
2014-07-12,342.4,21.96,16.03,0.0,23.8,0.0,0.0,105.75,172.5,22.935714285714283,0.0,0.0,7,20.0,21.535714285714285
2014-07-13,342.46,16.72,16.02,3.75,21.0,0.0,0.0,109.5,159.25,22.7,0.0,0.0,7,18.25,21.528571428571432
2014-07-14,342.47,14.62,16.02,1.25,21.85,0.0,0.0,110.75,153.5,22.614285714285717,0.0,0.0,7,17.0,21.650000000000002
2014-07-15,342.39,12.17,16.01,0.0,23.1,0.0,0.0,110.75,153.25,22.46428571428572,0.0,0.0,7,17.0,21.75
2014-07-16,342.27,12.17,16.01,8.25,21.55,0.0,0.0,117.0,161.5,22.264285714285712,0.0,0.0,7,11.0,21.992857142857144
2014-07-17,342.16,12.16,16.0,2.5,21.35,0.0,0.0,47.0,162.5,22.22857142857143,0.0,0.0,7,13.5,22.471428571428568
2014-07-18,342.04,11.3,15.77,0.0,20.9,0.0,0.0,15.75,161.25,21.935714285714283,0.0,0.0,7,13.5,23.050000000000004
2014-07-19,341.94,15.56,15.22,4.25,21.0,0.0,0.0,20.0,165.5,21.535714285714285,0.0,0.0,7,9.25,23.785714285714285
2014-07-20,342.23,29.5,15.25,2.0,20.95,0.0,0.0,18.25,165.0,21.528571428571432,0.0,0.0,7,15.5,24.12142857142857
2014-07-21,342.46,18.67,16.93,0.0,22.7,0.0,0.0,17.0,165.0,21.650000000000002,0.0,0.0,7,16.25,24.042857142857144
2014-07-22,342.39,14.39,19.27,0.0,23.8,0.0,0.0,17.0,152.25,21.75,0.0,0.0,7,16.25,23.87142857142857
2014-07-23,342.2,12.36,20.03,2.25,23.25,0.0,0.0,11.0,154.5,21.992857142857144,0.0,0.0,7,14.0,23.942857142857143
2014-07-24,341.98,12.45,19.99,5.0,24.700000000000003,0.0,0.0,13.5,159.5,22.471428571428568,0.0,0.0,7,9.0,24.02857142857143
2014-07-25,341.73,10.71,19.26,0.0,24.95,0.0,0.0,13.5,159.0,23.050000000000004,0.0,0.0,7,20.25,23.999999999999996
2014-07-26,341.5,9.3,16.83,0.0,26.15,0.0,0.0,9.25,159.0,23.785714285714285,0.0,0.0,7,20.25,24.07857142857143
2014-07-27,341.29,10.31,16.81,8.25,23.299999999999997,0.0,0.0,15.5,167.25,24.12142857142857,0.0,0.0,7,12.0,24.557142857142853
2014-07-28,341.08,9.28,18.76,0.75,22.15,0.0,0.0,16.25,168.0,24.042857142857144,0.0,0.0,7,11.25,25.185714285714283
2014-07-29,340.73,7.8,20.87,0.0,22.6,0.0,0.0,16.25,148.5,23.87142857142857,0.0,0.0,7,11.25,25.728571428571428
2014-07-30,340.31,6.76,21.84,0.0,23.75,0.0,0.0,14.0,146.25,23.942857142857143,0.0,0.0,7,14.0,26.185714285714283
2014-07-31,339.86,7.34,21.81,0.0,25.299999999999997,0.0,0.0,9.0,144.0,24.02857142857143,0.0,0.0,7,18.0,26.228571428571428
2014-08-01,339.43,7.85,20.99,11.25,24.75,0.0,0.0,20.25,155.25,23.999999999999996,0.0,0.0,8,42.25,25.807142857142857
2014-08-02,339.05,7.34,20.01,0.0,26.7,0.0,0.0,20.25,155.25,24.07857142857143,0.0,0.0,8,50.75,24.964285714285715
2014-08-03,338.64,6.12,19.96,0.0,26.65,0.0,0.0,12.0,155.25,24.557142857142853,0.0,0.0,8,83.0,24.292857142857144
2014-08-04,338.21,6.51,19.98,0.0,26.549999999999997,0.0,0.0,11.25,155.25,25.185714285714283,0.0,0.0,8,94.0,23.935714285714287
2014-08-05,337.78,6.12,19.96,0.0,26.4,0.0,0.0,11.25,155.25,25.728571428571428,0.0,0.0,8,96.25,23.24285714285714
2014-08-06,337.34,5.9,20.06,2.75,26.95,0.0,0.0,14.0,158.0,26.185714285714283,0.0,0.0,8,93.5,22.7
2014-08-07,336.88,6.05,19.93,4.0,25.6,0.0,0.0,18.0,162.0,26.228571428571428,0.0,0.0,8,89.5,22.292857142857144
2014-08-08,336.67,31.91,19.28,35.5,21.8,0.0,0.0,42.25,195.5,25.807142857142857,0.0,0.0,8,89.25,21.907142857142855
2014-08-09,337.17,21.44,18.92,8.5,20.799999999999997,0.0,0.0,50.75,131.5,24.964285714285715,0.0,0.0,8,80.75,21.785714285714285
2014-08-10,337.51,80.38,18.91,32.25,21.950000000000003,0.0,0.0,83.0,132.5,24.292857142857144,0.0,0.0,8,57.0,21.642857142857142
2014-08-11,340.62,93.07,19.49,11.0,24.049999999999997,0.0,0.0,94.0,143.5,23.935714285714287,0.0,0.0,8,48.75,21.592857142857145
2014-08-12,341.54,32.88,19.88,2.25,21.55,0.0,0.0,96.25,142.0,23.24285714285714,0.0,0.0,8,46.5,22.085714285714285
2014-08-13,341.7,20.06,20.06,0.0,23.15,0.0,0.0,93.5,140.75,22.7,0.0,0.0,8,48.25,22.307142857142857
2014-08-14,341.61,14.92,20.05,0.0,22.75,0.0,0.0,89.5,140.75,22.292857142857144,0.0,0.0,8,81.75,22.428571428571427
2014-08-15,341.44,15.47,19.92,35.25,19.1,0.0,0.0,89.25,167.75,21.907142857142855,0.0,0.0,8,66.75,23.17142857142857
2014-08-16,341.31,13.26,19.76,0.0,19.95,0.0,0.0,80.75,165.25,21.785714285714285,0.0,0.0,8,73.0,23.771428571428572
2014-08-17,341.14,14.62,19.74,8.5,20.95,0.0,0.0,57.0,173.75,21.642857142857142,0.0,0.0,8,64.5,24.178571428571427
2014-08-18,340.96,13.23,19.93,2.75,23.7,0.0,0.0,48.75,172.25,21.592857142857145,0.0,0.0,8,61.75,24.092857142857145
2014-08-19,340.73,11.64,20.02,0.0,25.0,0.0,0.0,46.5,170.25,22.085714285714285,0.0,0.0,8,61.75,23.414285714285715
2014-08-20,340.47,11.32,20.03,1.75,24.700000000000003,0.0,0.0,48.25,172.0,22.307142857142857,0.0,0.0,8,60.0,22.542857142857144
2014-08-21,340.37,26.42,20.05,33.5,23.6,0.0,0.0,81.75,205.5,22.428571428571427,0.0,0.0,8,29.75,21.75
2014-08-22,340.57,21.02,20.01,20.25,24.3,0.0,0.0,66.75,223.5,23.17142857142857,0.0,0.0,8,16.75,21.07857142857143
2014-08-23,340.6,19.56,19.9,6.25,24.15,0.0,0.0,73.0,224.75,23.771428571428572,0.0,0.0,8,11.25,20.535714285714285
2014-08-24,340.46,13.18,19.88,0.0,23.8,0.0,0.0,64.5,224.75,24.178571428571427,0.0,0.0,8,11.25,20.092857142857145
2014-08-25,340.23,10.69,19.74,0.0,23.1,0.0,0.0,61.75,224.75,24.092857142857145,0.0,0.0,8,11.25,19.621428571428574
2014-08-26,339.94,9.86,19.73,0.0,20.25,0.0,0.0,61.75,216.5,23.414285714285715,0.0,0.0,8,15.0,19.714285714285715
2014-08-27,339.63,8.88,19.07,0.0,18.6,0.0,0.0,60.0,215.75,22.542857142857144,0.0,0.0,8,15.0,19.907142857142855
2014-08-28,339.34,9.87,17.76,3.25,18.049999999999997,0.0,0.0,29.75,219.0,21.75,0.0,0.0,8,11.75,20.25
2014-08-29,339.16,15.67,17.64,7.25,19.6,0.0,0.0,16.75,226.25,21.07857142857143,0.0,0.0,8,17.75,20.514285714285716
2014-08-30,339.12,13.01,17.59,0.75,20.35,0.0,0.0,11.25,227.0,20.535714285714285,0.0,0.0,8,17.0,20.607142857142858
2014-08-31,338.92,9.86,17.58,0.0,20.7,0.0,0.0,11.25,215.75,20.092857142857145,0.0,0.0,8,18.75,20.514285714285712
2014-09-01,338.68,8.59,15.0,0.0,19.8,0.0,0.0,11.25,215.75,19.621428571428574,0.0,0.0,9,18.75,20.50714285714286
2014-09-02,338.51,7.7,13.45,3.75,20.9,0.0,0.0,15.0,219.5,19.714285714285715,0.0,0.0,9,15.0,20.478571428571428
2014-09-03,338.32,7.02,13.42,0.0,19.95,0.0,0.0,15.0,219.5,19.907142857142855,0.0,0.0,9,16.25,20.435714285714287
2014-09-04,338.11,6.73,13.4,0.0,20.45,0.0,0.0,11.75,219.5,20.25,0.0,0.0,9,16.25,20.292857142857144
2014-09-05,337.92,8.41,13.4,13.25,21.450000000000003,0.0,0.0,17.75,230.0,20.514285714285716,0.0,0.0,9,5.75,19.67142857142857
2014-09-06,337.73,6.52,13.4,0.0,21.0,0.0,0.0,17.0,226.0,20.607142857142858,0.0,0.0,9,5.75,19.142857142857142
2014-09-07,337.51,6.18,13.38,1.75,20.05,0.0,0.0,18.75,192.25,20.514285714285712,0.0,0.0,9,4.0,18.82857142857143
2014-09-08,337.27,5.53,13.36,0.0,19.75,0.0,0.0,18.75,183.75,20.50714285714286,0.0,0.0,9,4.0,18.235714285714288
2014-09-09,337.01,5.32,13.34,0.0,20.7,0.0,0.0,15.0,151.5,20.478571428571428,0.0,0.0,9,12.25,17.585714285714285
2014-09-10,336.76,5.2,11.01,1.25,19.65,0.0,0.0,16.25,141.75,20.435714285714287,0.0,0.0,9,14.75,16.985714285714288
2014-09-11,336.69,4.71,5.28,0.0,19.450000000000003,0.0,0.0,16.25,139.5,20.292857142857144,0.0,0.0,9,14.75,16.38571428571429
2014-09-12,336.66,4.39,5.26,2.75,17.1,0.0,0.0,5.75,142.25,19.67142857142857,0.0,0.0,9,20.0,16.121428571428574
2014-09-13,336.64,4.38,5.25,0.0,17.3,0.0,0.0,5.75,142.25,19.142857142857142,0.0,0.0,9,20.0,15.907142857142858
2014-09-14,336.6,4.07,5.25,0.0,17.85,0.0,0.0,4.0,107.0,18.82857142857143,0.0,0.0,9,20.0,15.492857142857144
2014-09-15,336.56,4.07,5.25,0.0,15.600000000000001,0.0,0.0,4.0,107.0,18.235714285714288,0.0,0.0,9,20.0,15.407142857142858
2014-09-16,336.52,4.07,5.25,8.25,16.15,0.0,0.0,12.25,106.75,17.585714285714285,0.0,0.0,9,11.75,15.37142857142857
2014-09-17,336.47,3.77,5.26,3.75,15.450000000000001,0.0,0.0,14.75,107.75,16.985714285714288,0.0,0.0,9,22.25,15.5
2014-09-18,336.43,3.77,5.26,0.0,15.25,0.0,0.0,14.75,107.75,16.38571428571429,0.0,0.0,9,60.25,15.821428571428571
2014-09-19,336.38,5.0,5.26,8.0,15.25,0.0,0.0,20.0,114.0,16.121428571428574,0.0,0.0,9,52.25,16.04285714285714
2014-09-20,336.39,4.69,5.26,0.0,15.8,0.0,0.0,20.0,80.5,15.907142857142858,0.0,0.0,9,52.25,15.992857142857144
2014-09-21,336.35,4.09,5.27,0.0,14.950000000000001,0.0,0.0,20.0,60.25,15.492857142857144,0.0,0.0,9,52.25,16.228571428571428
2014-09-22,336.3,3.47,5.27,0.0,15.0,0.0,0.0,20.0,54.0,15.407142857142858,0.0,0.0,9,52.25,16.67142857142857
2014-09-23,336.24,3.47,5.27,0.0,15.9,0.0,0.0,11.75,54.0,15.37142857142857,0.0,0.0,9,52.25,16.735714285714288
2014-09-24,336.18,4.09,5.27,14.25,16.35,0.0,0.0,22.25,68.25,15.5,0.0,0.0,9,38.0,16.32857142857143
2014-09-25,336.53,23.8,5.28,38.0,17.5,0.0,0.0,60.25,106.25,15.821428571428571,0.0,0.0,9,4.25,15.957142857142857
2014-09-26,336.86,9.65,5.29,0.0,16.8,0.0,0.0,52.25,106.25,16.04285714285714,0.0,0.0,9,11.5,16.15714285714286
2014-09-27,336.95,7.19,5.29,0.0,15.45,0.0,0.0,52.25,103.0,15.992857142857144,0.0,0.0,9,11.75,16.292857142857144
2014-09-28,336.99,6.26,5.29,0.0,16.6,0.0,0.0,52.25,95.75,16.228571428571428,0.0,0.0,9,12.25,15.557142857142859
2014-09-29,337.0,5.03,5.3,0.0,18.1,0.0,0.0,52.25,95.0,16.67142857142857,0.0,0.0,9,63.75,14.807142857142859
2014-09-30,336.98,4.42,5.29,0.0,16.35,0.0,0.0,52.25,95.0,16.735714285714288,0.0,0.0,9,64.75,14.285714285714286
2014-10-01,336.94,4.09,5.32,0.0,13.5,0.0,0.0,38.0,95.0,16.32857142857143,0.0,0.0,10,64.75,13.942857142857145
2014-10-02,336.9,4.4,5.32,4.25,14.9,0.0,0.0,4.25,95.5,15.957142857142857,0.0,0.0,10,60.5,13.549999999999999
2014-10-03,336.9,5.31,5.31,7.25,18.200000000000003,0.0,0.0,11.5,102.75,16.15714285714286,0.0,0.0,10,55.0,12.942857142857141
2014-10-04,336.87,4.08,5.31,0.25,16.4,0.0,0.0,11.75,103.0,16.292857142857144,0.0,0.0,10,54.75,12.314285714285713
2014-10-05,336.83,3.77,5.31,0.5,11.45,0.0,0.0,12.25,90.25,15.557142857142859,0.0,0.0,10,54.25,12.214285714285714
2014-10-06,337.1,31.55,5.31,51.5,12.850000000000001,0.0,0.0,63.75,141.75,14.807142857142859,0.0,0.0,10,22.0,12.178571428571429
2014-10-07,337.87,16.99,5.35,1.0,12.7,0.0,0.0,64.75,141.0,14.285714285714286,0.0,0.0,10,67.25,12.285714285714286
2014-10-08,338.1,10.45,5.34,0.0,11.1,0.0,0.0,64.75,141.0,13.942857142857145,0.0,0.0,10,67.25,12.285714285714286
2014-10-09,338.21,8.23,5.33,0.0,12.15,0.0,0.0,60.5,141.0,13.549999999999999,0.0,0.0,10,71.0,12.057142857142855
2014-10-10,338.29,6.94,5.33,1.75,13.95,0.0,0.0,55.0,141.5,12.942857142857141,0.0,0.0,10,76.5,11.8
2014-10-11,338.33,6.29,5.32,0.0,12.0,0.0,0.0,54.75,141.5,12.314285714285713,0.0,0.0,10,83.0,11.542857142857144
2014-10-12,338.35,5.96,5.32,0.0,10.75,0.0,0.0,54.25,138.75,12.214285714285714,0.0,0.0,10,83.0,11.621428571428572
2014-10-13,338.37,7.89,5.32,19.25,12.600000000000001,0.0,0.0,22.0,158.0,12.178571428571429,0.0,0.0,10,65.5,11.52142857142857
2014-10-14,339.96,87.22,5.27,46.25,13.45,0.0,0.0,67.25,204.25,12.285714285714286,0.0,0.0,10,39.75,11.585714285714285
2014-10-15,341.31,27.01,5.21,0.0,11.1,0.0,0.0,67.25,204.25,12.285714285714286,0.0,0.0,10,40.25,11.464285714285714
2014-10-16,341.75,15.82,5.22,3.75,10.55,0.0,0.0,71.0,199.75,12.057142857142855,0.0,0.0,10,36.5,11.235714285714286
2014-10-17,342.0,12.42,5.22,7.25,12.15,0.0,0.0,76.5,203.25,11.8,0.0,0.0,10,29.25,10.828571428571427
2014-10-18,342.17,10.45,5.22,6.5,10.2,0.0,0.0,83.0,209.75,11.542857142857144,0.0,0.0,10,22.75,10.799999999999999
2014-10-19,342.3,9.42,5.23,0.0,11.3,0.0,0.0,83.0,201.75,11.621428571428572,0.0,0.0,10,22.75,10.87142857142857
2014-10-20,342.4,8.38,5.24,1.75,11.9,0.0,0.0,65.5,203.5,11.52142857142857,0.0,0.0,10,25.75,10.700000000000001
2014-10-21,342.51,9.72,4.49,20.5,13.9,0.0,0.0,39.75,224.0,11.585714285714285,0.0,0.0,10,25.0,9.485714285714286
2014-10-22,342.7,9.98,4.05,0.5,10.25,0.0,0.0,40.25,224.5,11.464285714285714,0.0,0.0,10,24.5,9.485714285714286
2014-10-23,342.83,8.28,4.44,0.0,8.95,0.0,0.0,36.5,224.5,11.235714285714286,0.0,0.0,10,24.5,9.657142857142857
2014-10-24,342.91,7.72,5.28,0.0,9.3,0.0,0.0,29.25,210.25,10.828571428571427,0.0,0.0,10,24.5,9.692857142857141
2014-10-25,342.97,7.04,5.28,0.0,10.0,0.0,0.0,22.75,172.25,10.799999999999999,0.0,0.0,10,30.75,9.578571428571427
2014-10-26,343.02,6.69,5.28,0.0,11.8,0.0,0.0,22.75,172.25,10.87142857142857,0.0,0.0,10,43.0,9.97857142857143
2014-10-27,343.05,6.67,5.25,4.75,10.7,0.0,0.0,25.75,177.0,10.700000000000001,0.0,0.0,10,49.5,9.62857142857143
2014-10-28,343.14,10.25,5.25,19.75,5.4,0.0,0.0,25.0,196.75,9.485714285714286,0.0,0.0,10,32.25,9.942857142857145
2014-10-29,343.32,12.77,5.27,0.0,10.25,0.0,0.0,24.5,196.75,9.485714285714286,0.0,0.0,10,32.25,9.3
2014-10-30,343.55,13.87,5.29,0.0,10.15,0.0,0.0,24.5,196.75,9.657142857142857,0.0,0.0,10,32.25,9.221428571428572
2014-10-31,343.78,12.07,5.28,0.0,9.55,0.0,0.0,24.5,196.75,9.692857142857141,0.0,0.0,10,32.25,9.0
2014-11-01,343.94,11.74,5.67,6.25,9.2,0.0,0.0,30.75,198.75,9.578571428571427,0.0,0.0,11,26.0,8.828571428571427
2014-11-02,344.12,13.65,5.97,12.25,14.600000000000001,0.0,0.0,43.0,203.75,9.97857142857143,0.0,0.0,11,17.5,7.8
2014-11-03,344.42,20.26,10.7,11.25,8.25,0.0,0.0,49.5,214.75,9.62857142857143,0.0,0.0,11,7.75,8.028571428571428
2014-11-04,344.59,16.36,9.01,2.5,7.6,0.0,0.0,32.25,216.75,9.942857142857145,0.0,0.0,11,5.25,7.878571428571429
2014-11-05,344.76,13.02,10.81,0.0,5.75,0.0,0.0,32.25,165.25,9.3,0.0,0.0,11,10.5,8.271428571428572
2014-11-06,344.73,10.91,13.48,0.0,9.6,0.0,0.0,32.25,164.25,9.221428571428572,0.0,0.0,11,28.25,7.728571428571429
2014-11-07,344.64,9.48,13.52,0.0,8.0,0.0,0.0,32.25,164.25,9.0,0.0,0.0,11,48.0,6.985714285714286
2014-11-08,344.51,8.41,13.56,0.0,8.0,0.0,0.0,26.0,164.25,8.828571428571427,0.0,0.0,11,61.75,6.185714285714285
2014-11-09,344.36,8.02,13.54,3.75,7.4,0.0,0.0,17.5,166.25,7.8,0.0,0.0,11,58.0,5.821428571428571
2014-11-10,344.26,7.58,10.52,1.5,9.85,0.0,0.0,7.75,167.75,8.028571428571428,0.0,0.0,11,60.75,4.821428571428571
2014-11-11,344.19,6.57,8.04,0.0,6.550000000000001,0.0,0.0,5.25,167.75,7.878571428571429,0.0,0.0,11,61.5,4.535714285714286
2014-11-12,344.16,6.95,8.05,5.25,8.5,0.0,0.0,10.5,153.75,8.271428571428572,0.0,0.0,11,56.5,3.8642857142857143
2014-11-13,344.14,11.49,10.39,17.75,5.8,0.0,0.0,28.25,125.25,7.728571428571429,0.0,0.0,11,38.75,3.3857142857142857
2014-11-14,344.19,11.49,10.39,19.75,2.8,2.0,2.0,48.0,145.0,6.985714285714286,0.06666666666666667,2.0,11,19.0,3.4214285714285713
2014-11-15,344.24,10.63,7.32,13.75,2.4,5.0,3.0,61.75,155.0,6.185714285714285,0.23333333333333334,5.0,11,5.25,4.121428571428572
2014-11-16,344.35,9.51,5.47,0.0,4.85,1.5,0.0,58.0,147.75,5.821428571428571,0.2833333333333333,5.0,11,8.5,4.371428571428571
2014-11-17,344.45,8.78,5.47,4.25,2.8499999999999996,0.0,0.0,60.75,145.5,4.821428571428571,0.2833333333333333,5.0,11,4.25,4.507142857142857
2014-11-18,344.55,9.89,5.48,0.75,4.550000000000001,0.0,0.0,61.5,146.25,4.535714285714286,0.2833333333333333,5.0,11,3.75,4.614285714285714
2014-11-19,344.67,9.52,5.48,0.25,3.8,0.0,0.0,56.5,144.75,3.8642857142857143,0.2833333333333333,5.0,11,16.75,4.435714285714285
2014-11-20,344.76,8.5,6.29,0.0,2.45,0.0,0.0,38.75,124.25,3.3857142857142857,0.2833333333333333,5.0,11,17.25,4.978571428571429
2014-11-21,344.79,8.6,7.86,0.0,3.05,0.0,0.0,19.0,123.75,3.4214285714285713,0.2833333333333333,3.0,11,17.25,5.492857142857143
2014-11-22,344.8,9.27,8.53,0.0,7.3,0.0,0.0,5.25,123.75,4.121428571428572,0.2833333333333333,0.0,11,46.75,5.742857142857143
2014-11-23,344.9,14.41,8.53,3.25,6.6000000000000005,0.0,0.0,8.5,127.0,4.371428571428571,0.2833333333333333,0.0,11,44.75,6.071428571428571
2014-11-24,345.03,11.47,8.53,0.0,3.8,0.0,0.0,4.25,127.0,4.507142857142857,0.2833333333333333,0.0,11,63.0,6.878571428571429
2014-11-25,345.07,9.97,9.6,0.25,5.3,0.0,0.0,3.75,127.25,4.614285714285714,0.2833333333333333,0.0,11,104.0,6.271428571428571
2014-11-26,345.04,10.61,12.82,13.25,2.55,0.0,0.0,16.75,135.75,4.435714285714285,0.2833333333333333,0.0,11,131.75,5.935714285714286
2014-11-27,344.96,11.45,14.39,0.5,6.25,0.0,0.0,17.25,116.5,4.978571428571429,0.2833333333333333,0.0,11,137.75,5.214285714285714
2014-11-28,344.89,11.43,14.37,0.0,6.65,0.0,0.0,17.25,116.5,5.492857142857143,0.2833333333333333,0.0,11,144.25,4.242857142857143
2014-11-29,345.0,34.32,15.38,29.5,9.05,0.0,0.0,46.75,146.0,5.742857142857143,0.2833333333333333,0.0,11,122.5,2.6357142857142857
2014-11-30,345.55,29.02,17.29,1.25,8.9,0.0,0.0,44.75,147.25,6.071428571428571,0.2833333333333333,0.0,11,129.75,1.1428571428571428
2014-12-01,345.85,36.05,18.13,18.25,9.45,0.0,0.0,63.0,159.25,6.878571428571429,0.2833333333333333,0.0,12,114.75,-0.3000000000000001
2014-12-02,346.41,38.56,21.92,41.25,1.05,19.5,20.0,104.0,188.25,6.271428571428571,0.9333333333333333,20.0,12,76.75,-0.4714285714285715
2014-12-03,346.62,26.84,23.74,41.0,0.19999999999999998,37.5,21.0,131.75,218.0,5.935714285714286,2.183333333333333,41.0,12,36.0,-0.48571428571428577
2014-12-04,346.6,19.23,23.49,6.5,1.2,35.5,0.5,137.75,222.0,5.214285714285714,3.3666666666666667,41.5,12,39.75,-0.5714285714285714
2014-12-05,346.46,15.99,22.18,6.5,-0.15000000000000002,29.5,12.5,144.25,228.5,4.242857142857143,4.35,54.0,12,34.5,-0.4857142857142857
2014-12-06,346.27,13.29,20.64,7.75,-2.2,37.5,12.0,122.5,236.25,2.6357142857142857,5.6,66.0,12,36.5,-0.49999999999999994
2014-12-07,346.08,11.16,19.23,8.5,-1.55,46.0,12.0,129.75,244.75,1.1428571428571428,7.133333333333334,78.0,12,37.5,-0.8571428571428571
2014-12-08,345.88,10.42,18.03,3.25,-0.65,47.0,5.0,114.75,248.0,-0.3000000000000001,8.7,83.0,12,37.0,-1.2857142857142858
2014-12-09,345.67,9.54,17.22,3.25,-0.15000000000000002,71.0,10.0,76.75,247.5,-0.4714285714285715,11.066666666666666,73.0,12,41.75,-1.5214285714285716
2014-12-10,345.47,8.84,17.07,0.25,0.10000000000000009,72.0,1.0,36.0,246.25,-0.48571428571428577,13.466666666666667,53.0,12,45.0,-1.885714285714286
2014-12-11,345.26,10.69,17.05,10.25,0.6000000000000001,31.5,0.5,39.75,256.5,-0.5714285714285714,14.516666666666667,53.0,12,50.75,-2.0785714285714287
2014-12-12,345.11,10.57,16.9,1.25,0.45,26.5,4.5,34.5,252.5,-0.4857142857142857,15.4,45.0,12,50.75,-2.185714285714286
2014-12-13,344.92,9.85,16.84,9.75,-2.3,42.0,17.0,36.5,244.5,-0.49999999999999994,16.8,50.0,12,51.25,-1.8642857142857143
2014-12-14,344.73,9.48,16.83,9.5,-4.050000000000001,53.0,16.0,37.5,234.25,-0.8571428571428571,18.5,54.0,12,44.75,-1.385714285714286
2014-12-15,344.51,8.36,16.82,2.75,-3.6500000000000004,54.0,5.5,37.0,223.25,-1.2857142857142858,20.133333333333333,54.5,12,55.5,-1.3571428571428572
2014-12-16,344.28,8.91,17.0,8.0,-1.8,48.5,3.0,41.75,231.25,-1.5214285714285716,21.7,47.5,12,52.25,-1.4142857142857144
2014-12-17,344.06,8.74,17.07,3.5,-2.45,47.5,11.5,45.0,230.5,-1.885714285714286,23.283333333333335,58.0,12,63.75,-1.1285714285714286
2014-12-18,343.83,8.87,17.09,16.0,-0.75,68.0,22.5,50.75,245.75,-2.0785714285714287,25.55,80.0,12,53.25,-1.2642857142857142
2014-12-19,343.62,7.62,12.98,1.25,-0.30000000000000004,60.5,6.0,50.75,246.75,-2.185714285714286,27.566666666666666,81.5,12,57.25,-1.7142857142857142
2014-12-20,343.52,7.27,10.49,10.25,-0.05000000000000002,56.0,2.5,51.25,257.0,-1.8642857142857143,29.433333333333334,67.0,12,47.5,-2.257142857142857
2014-12-21,343.46,8.33,10.47,3.0,-0.7,55.0,11.0,44.75,260.0,-1.385714285714286,31.266666666666666,62.0,12,44.5,-2.5357142857142856
2014-12-22,343.4,8.36,9.43,13.5,-3.45,79.5,27.5,55.5,273.5,-1.3571428571428572,33.916666666666664,84.0,12,31.25,-2.3857142857142857
2014-12-23,343.38,6.98,8.77,4.75,-2.2,85.5,10.0,52.25,275.0,-1.4142857142857144,36.766666666666666,91.0,12,27.0,-2.15
2014-12-24,343.32,7.7,8.77,15.0,-0.45,78.5,5.5,63.75,290.0,-1.1285714285714286,39.38333333333333,85.0,12,21.25,-2.085714285714286
2014-12-25,343.28,6.99,8.78,5.5,-1.7000000000000002,81.0,13.5,53.25,295.25,-1.2642857142857142,42.083333333333336,76.0,12,21.0,-2.2214285714285715
2014-12-26,343.26,6.86,6.5,5.25,-3.45,86.0,16.5,57.25,287.25,-1.7142857142857142,44.95,86.5,12,17.5,-2.142857142857143
2014-12-27,343.29,6.21,5.14,0.5,-3.8499999999999996,85.5,0.0,47.5,287.25,-2.257142857142857,47.8,84.0,12,19.75,-1.9928571428571427
2014-12-28,343.31,5.85,5.14,0.0,-2.65,76.5,0.0,44.5,287.25,-2.5357142857142856,50.35,73.0,12,20.0,-1.6285714285714283
2014-12-29,343.33,5.96,5.25,0.25,-2.4,68.5,1.5,31.25,258.0,-2.3857142857142857,52.63333333333333,47.0,12,19.75,-1.2857142857142858
2014-12-30,343.34,5.25,5.25,0.5,-0.55,66.0,3.0,27.0,257.25,-2.15,54.833333333333336,40.0,12,23.5,-1.1357142857142857
2014-12-31,343.36,6.32,5.25,9.25,0.0,77.5,17.0,21.25,248.25,-2.085714285714286,57.416666666666664,51.5,12,20.0,-1.7
2015-01-01,343.38,5.97,5.26,5.25,-2.6500000000000004,84.5,12.5,21.0,212.25,-2.2214285714285715,59.583333333333336,50.5,1,17.75,-1.4714285714285715
2015-01-02,343.38,4.9,5.26,1.75,-2.9,83.0,7.0,17.5,173.0,-2.142857142857143,61.1,41.0,1,17.5,-1.157142857142857
2015-01-03,343.39,5.62,5.26,2.75,-2.8,91.5,11.5,19.75,169.25,-1.9928571428571427,62.96666666666667,52.5,1,18.75,-0.9642857142857143
2015-01-04,343.37,4.55,5.26,0.25,-0.10000000000000003,87.5,0.5,20.0,163.0,-1.6285714285714283,64.9,53.0,1,20.75,-1.1928571428571428
2015-01-05,343.37,4.9,5.26,0.0,0.0,79.5,0.0,19.75,155.25,-1.2857142857142858,66.3,51.5,1,28.75,-1.207142857142857
2015-01-06,343.36,5.62,5.26,4.25,0.5,74.0,1.0,23.5,151.0,-1.1357142857142857,67.23333333333333,49.5,1,25.25,-1.0571428571428572
2015-01-07,343.37,5.21,5.21,5.75,-3.95,89.5,19.0,20.0,153.5,-1.7,68.65,51.5,1,19.5,-0.13571428571428568
2015-01-08,343.36,4.86,5.22,3.0,-1.0499999999999998,90.0,7.0,17.75,153.25,-1.4714285714285715,69.28333333333333,46.0,1,17.0,0.22142857142857145
2015-01-09,343.36,5.24,5.24,1.5,-0.7,89.5,4.0,17.5,154.5,-1.157142857142857,69.86666666666666,43.0,1,15.5,0.5857142857142856
2015-01-10,343.36,5.23,5.23,4.0,-1.45,97.0,11.5,18.75,148.25,-0.9642857142857143,72.05,43.0,1,19.25,0.5214285714285715
2015-01-11,343.35,4.52,5.23,2.25,-1.7,101.5,8.0,20.75,149.25,-1.1928571428571428,74.55,50.5,1,17.75,0.4142857142857142
2015-01-12,343.34,4.88,5.24,8.0,-0.09999999999999998,99.0,7.0,28.75,147.5,-1.207142857142857,76.45,57.5,1,17.25,0.16428571428571428
2015-01-13,343.32,4.51,5.22,0.75,1.55,98.0,2.0,25.25,138.75,-1.0571428571428572,77.95,58.5,1,19.5,-0.3642857142857143
2015-01-14,343.3,4.15,5.22,0.0,2.5,91.0,0.0,19.5,136.0,-0.13571428571428568,79.18333333333334,39.5,1,19.5,-1.2857142857142858
2015-01-15,343.27,4.51,5.22,0.5,1.45,86.0,1.5,17.0,128.5,0.22142857142857145,80.43333333333334,34.0,1,22.25,-1.5571428571428572
2015-01-16,343.24,4.15,5.22,0.0,1.85,83.0,0.5,15.5,125.0,0.5857142857142856,81.61666666666666,30.5,1,22.75,-1.5357142857142858
2015-01-17,343.23,5.22,5.22,7.75,-1.9,94.5,18.5,19.25,116.75,0.5214285714285715,82.5,37.5,1,17.0,-1.3714285714285717
2015-01-18,343.22,4.14,5.21,0.75,-2.45,92.0,3.5,17.75,116.25,0.4142857142857142,83.55,33.0,1,16.25,-1.3499999999999999
2015-01-19,343.19,4.5,5.21,7.5,-1.85,97.0,11.5,17.25,113.5,0.16428571428571428,84.91666666666667,37.5,1,8.75,-1.0571428571428572
2015-01-20,343.17,3.77,5.2,3.0,-2.15,103.0,10.0,19.5,113.5,-0.3642857142857143,86.51666666666667,45.5,1,6.25,-0.5285714285714286
2015-01-21,343.12,4.13,5.2,0.0,-3.95,101.5,1.5,19.5,100.0,-1.2857142857142858,87.25,47.0,1,6.5,-0.47857142857142854
2015-01-22,343.09,4.13,5.2,3.25,-0.45000000000000007,95.0,1.5,22.25,98.5,-1.5571428571428572,87.56666666666666,47.0,1,5.0,-0.8857142857142856
2015-01-23,343.06,4.14,5.2,0.5,2.0,92.5,0.5,22.75,84.0,-1.5357142857142858,88.03333333333333,47.0,1,13.0,-1.592857142857143
2015-01-24,343.03,3.79,5.2,2.0,-0.75,91.5,6.0,17.0,80.5,-1.3714285714285717,88.38333333333334,34.5,1,18.25,-1.4928571428571427
2015-01-25,342.99,3.8,5.21,0.0,-2.3,88.5,0.0,16.25,75.25,-1.3499999999999999,88.46666666666667,31.0,1,25.25,-1.3142857142857143
2015-01-26,342.95,3.8,5.2,0.0,0.19999999999999996,85.5,0.5,8.75,74.75,-1.0571428571428572,88.46666666666667,20.0,1,27.5,-1.5714285714285714
2015-01-27,342.91,3.8,5.2,0.5,1.55,84.5,0.5,6.25,75.25,-0.5285714285714286,88.73333333333333,10.5,1,27.75,-1.8214285714285714
2015-01-28,342.87,3.8,5.2,0.25,-3.5999999999999996,82.0,3.0,6.5,75.25,-0.47857142857142854,89.18333333333334,12.0,1,27.5,-1.507142857142857
2015-01-29,342.83,3.46,5.2,1.75,-3.3000000000000003,89.0,8.5,5.0,76.5,-0.8857142857142856,89.95,19.0,1,25.75,-1.3214285714285714
2015-01-30,342.79,4.5,5.2,8.5,-2.95,97.0,11.0,13.0,75.75,-1.592857142857143,90.6,29.5,1,17.5,-0.8785714285714287
2015-01-31,342.76,4.15,5.2,7.25,-0.04999999999999999,102.0,8.5,18.25,77.75,-1.4928571428571427,91.18333333333334,32.0,1,10.25,-0.8071428571428572
2015-02-01,342.73,4.15,5.2,7.0,-1.05,108.0,16.0,25.25,83.0,-1.3142857142857143,92.01666666666667,48.0,2,7.0,-0.5785714285714286
2015-02-02,342.7,3.8,5.2,2.25,-1.5999999999999999,110.0,7.5,27.5,82.5,-1.5714285714285714,92.63333333333334,55.0,2,13.75,-1.1071428571428574
2015-02-03,342.66,3.46,5.2,0.75,-0.19999999999999996,108.0,2.0,27.75,83.0,-1.8214285714285714,93.31666666666666,56.5,2,27.5,-1.692857142857143
2015-02-04,342.61,3.82,5.22,0.0,-1.4000000000000001,100.0,0.0,27.5,83.0,-1.507142857142857,94.0,53.5,2,31.0,-1.6142857142857143
2015-02-05,342.56,3.1,5.19,0.0,-2.0,97.0,0.5,25.75,78.75,-1.3214285714285714,94.76666666666667,45.5,2,33.5,-1.1714285714285715
2015-02-06,342.51,3.45,5.19,0.25,0.1499999999999999,96.0,2.0,17.5,73.25,-0.8785714285714287,94.98333333333333,36.5,2,37.5,-1.3071428571428574
2015-02-07,342.45,3.46,5.2,0.0,0.44999999999999996,95.0,0.5,10.25,70.25,-0.8071428571428572,95.15,28.5,2,44.5,-1.6214285714285717
2015-02-08,342.4,4.16,5.21,3.75,0.55,93.0,3.0,7.0,72.5,-0.5785714285714286,95.26666666666667,15.5,2,43.25,-1.7642857142857145
2015-02-09,342.36,3.13,5.22,9.0,-5.300000000000001,110.0,19.0,13.75,77.5,-1.1071428571428574,95.7,27.0,2,34.75,-0.6500000000000001
2015-02-10,342.33,4.17,5.22,14.5,-4.3,125.5,19.5,27.5,89.75,-1.692857142857143,96.5,44.5,2,20.25,0.157142857142857
2015-02-11,342.27,3.14,5.23,3.5,-0.85,124.5,4.0,31.0,85.25,-1.6142857142857143,97.35,48.5,2,16.75,0.46428571428571414
2015-02-12,342.22,3.14,5.23,2.5,1.0999999999999999,115.5,1.0,33.5,87.0,-1.1714285714285715,97.93333333333334,49.0,2,14.75,0.5857142857142856
2015-02-13,342.18,4.53,5.23,4.25,-0.8,109.0,10.5,37.5,91.25,-1.3071428571428574,98.53333333333333,57.5,2,10.5,0.8214285714285713
2015-02-14,342.13,3.14,5.23,7.0,-1.75,119.5,16.5,44.5,97.75,-1.6214285714285717,99.65,73.5,2,3.5,1.2285714285714284
2015-02-15,342.09,3.83,5.23,2.5,-0.44999999999999996,123.0,5.5,43.25,100.25,-1.7642857142857145,100.98333333333333,76.0,2,4.0,1.7428571428571427
2015-02-16,342.04,3.17,5.22,0.5,2.5,113.5,0.0,34.75,93.0,-0.6500000000000001,101.61666666666666,57.0,2,6.5,2.15
2015-02-17,341.97,2.83,5.22,0.0,1.3499999999999999,105.5,0.5,20.25,92.25,0.157142857142857,102.06666666666666,38.0,2,7.25,2.4357142857142855
2015-02-18,341.91,3.53,5.24,0.0,1.3,101.0,0.5,16.75,84.75,0.46428571428571414,102.2,34.5,2,7.25,2.414285714285714
2015-02-19,341.86,3.19,5.24,0.5,1.95,99.0,1.5,14.75,82.25,0.5857142857142856,102.06666666666666,35.0,2,11.5,2.057142857142857
2015-02-20,341.8,2.84,5.23,0.0,0.85,96.5,0.0,10.5,82.25,0.8214285714285713,101.9,24.5,2,20.25,2.085714285714286
2015-02-21,341.73,3.18,5.23,0.0,1.1,94.5,0.0,3.5,79.0,1.2285714285714284,101.88333333333334,8.0,2,23.25,2.1999999999999997
2015-02-22,341.67,3.51,5.22,3.0,3.15,93.0,0.0,4.0,81.5,1.7428571428571427,101.9,2.5,2,44.25,1.7428571428571427
2015-02-23,341.64,5.22,5.22,3.0,5.35,91.0,0.0,6.5,82.5,2.15,101.88333333333334,2.5,2,48.5,1.1642857142857141
2015-02-24,341.67,6.26,5.23,0.75,3.35,88.0,0.5,7.25,83.25,2.4357142857142855,101.86666666666666,2.5,2,48.25,0.9357142857142856
2015-02-25,341.68,5.56,5.22,0.0,1.1500000000000001,85.0,0.0,7.25,83.25,2.414285714285714,101.85,2.0,2,63.5,1.0999999999999999
2015-02-26,341.69,5.56,5.22,4.75,-0.55,85.0,1.0,11.5,87.5,2.057142857142857,101.86666666666666,1.5,2,64.75,1.507142857142857
2015-02-27,341.72,5.91,5.23,8.75,1.05,87.0,5.0,20.25,96.0,2.085714285714286,102.03333333333333,6.5,2,56.0,1.757142857142857
2015-02-28,341.72,5.23,5.23,3.0,1.9,90.0,3.0,23.25,97.25,2.1999999999999997,102.06666666666666,9.5,2,53.0,1.9499999999999997
2015-03-01,341.72,5.58,5.24,24.0,-0.04999999999999999,85.5,2.5,44.25,112.75,1.7428571428571427,101.68333333333334,12.0,3,29.0,2.6
2015-03-02,341.76,6.95,5.24,7.25,1.2999999999999998,89.5,6.0,48.5,112.75,1.1642857142857141,101.26666666666667,18.0,3,35.5,3.3
2015-03-03,341.77,4.9,5.24,0.5,1.75,88.5,0.0,48.25,106.25,0.9357142857142856,100.61666666666666,17.5,3,82.25,3.314285714285714
2015-03-04,341.79,6.61,5.24,15.25,2.3,91.5,8.0,63.5,119.25,1.0999999999999999,100.0,25.5,3,73.25,2.707142857142857
2015-03-05,341.82,5.92,5.24,6.0,2.3,91.5,4.0,64.75,124.5,1.507142857142857,99.45,28.5,3,68.25,2.242857142857143
2015-03-06,341.83,5.58,5.24,0.0,2.8,87.5,0.0,56.0,124.5,1.757142857142857,99.03333333333333,23.5,3,70.25,2.0142857142857142
2015-03-07,341.84,5.24,5.24,0.0,3.25,85.5,0.0,53.0,124.5,1.9499999999999997,98.65,20.5,3,71.75,1.6500000000000001
2015-03-08,341.84,5.24,5.24,0.0,4.5,84.0,0.0,29.0,124.25,2.6,98.25,18.0,3,71.75,1.4000000000000001
2015-03-09,341.87,10.71,5.24,13.75,6.2,81.0,0.0,35.5,138.0,3.3,97.78333333333333,12.0,3,58.0,1.1999999999999997
2015-03-10,343.34,91.56,11.9,47.25,1.8499999999999999,80.5,5.5,82.25,181.5,3.314285714285714,97.36666666666666,17.5,3,10.75,1.8357142857142856
2015-03-11,344.52,32.75,17.31,6.25,-1.95,95.5,16.0,73.25,178.75,2.707142857142857,96.88333333333334,25.5,3,4.5,3.242857142857143
2015-03-12,344.69,17.68,17.31,1.0,-0.95,87.5,3.0,68.25,165.25,2.242857142857143,95.61666666666666,24.5,3,14.75,4.1499999999999995
2015-03-13,344.63,13.27,17.31,2.0,1.2,91.0,7.0,70.25,163.75,2.0142857142857142,94.5,31.5,3,12.75,4.871428571428572
2015-03-14,344.47,9.94,17.29,1.5,0.7000000000000001,84.0,7.0,71.75,162.75,1.6500000000000001,93.45,38.5,3,11.25,5.3999999999999995
2015-03-15,344.25,8.82,17.28,0.0,2.75,82.5,0.0,71.75,158.5,1.4000000000000001,92.56666666666666,38.5,3,12.25,5.807142857142857
2015-03-16,344.02,8.95,17.24,0.0,4.8,78.0,0.0,58.0,151.5,1.1999999999999997,91.18333333333334,38.5,3,15.25,5.292857142857143
2015-03-17,343.82,12.22,17.22,0.0,6.3,76.0,1.0,10.75,149.0,1.8357142857142856,89.61666666666666,34.0,3,25.5,4.507142857142857
2015-03-18,343.8,21.57,17.28,0.0,7.9,74.0,1.0,4.5,148.5,3.242857142857143,88.3,19.0,3,28.25,3.807142857142857
2015-03-19,344.12,35.49,17.29,11.25,5.4,71.0,0.5,14.75,159.75,4.1499999999999995,87.15,16.5,3,17.0,3.664285714285714
2015-03-20,344.64,34.5,17.22,0.0,6.25,69.5,0.0,12.75,159.75,4.871428571428572,86.1,9.5,3,17.0,3.9428571428571426
2015-03-21,345.05,28.67,17.21,0.0,4.4,67.0,0.0,11.25,159.25,5.3999999999999995,85.03333333333333,2.5,3,17.0,4.45
2015-03-22,345.25,23.57,17.21,1.0,5.6,65.0,0.0,12.25,160.25,5.807142857142857,83.98333333333333,2.5,3,22.25,4.6499999999999995
2015-03-23,345.43,22.82,17.21,3.0,1.2,65.5,3.0,15.25,163.25,5.292857142857143,83.01666666666667,5.5,3,19.25,5.357142857142857
2015-03-24,345.51,17.94,17.19,10.25,0.8,73.5,10.5,25.5,170.5,4.507142857142857,82.36666666666666,15.0,3,9.0,6.292857142857143
2015-03-25,345.46,13.45,17.19,2.75,3.0,72.0,0.5,28.25,170.25,3.807142857142857,81.73333333333333,14.5,3,16.25,6.635714285714286
2015-03-26,345.33,11.19,17.18,0.0,4.4,67.0,0.5,17.0,169.5,3.664285714285714,81.03333333333333,14.5,3,16.25,6.764285714285713
2015-03-27,345.16,11.93,17.17,0.0,8.2,65.0,0.0,17.0,169.5,3.9428571428571426,80.36666666666666,14.5,3,29.75,6.664285714285714
2015-03-28,345.09,17.16,17.16,0.0,7.949999999999999,61.5,0.0,17.0,164.75,4.45,79.58333333333333,14.5,3,29.75,6.778571428571429
2015-03-29,345.17,23.89,17.16,6.25,7.0,58.0,0.5,22.25,162.25,4.6499999999999995,78.61666666666666,15.0,3,34.5,6.842857142857143
2015-03-30,345.61,40.88,17.41,0.0,6.1499999999999995,55.5,0.0,19.25,159.25,5.357142857142857,77.46666666666667,12.0,3,37.0,7.278571428571428
2015-03-31,346.13,37.37,19.67,0.0,7.35,53.0,0.0,9.0,135.25,6.292857142857143,76.38333333333334,1.5,3,41.5,6.864285714285715
2015-04-01,346.68,47.06,24.22,10.0,5.4,50.0,1.5,16.25,138.0,6.635714285714286,75.06666666666666,2.5,4,31.5,6.407142857142857
2015-04-02,347.22,40.66,18.8,0.0,5.3,49.0,0.0,16.25,137.5,6.764285714285713,73.75,2.0,4,31.5,6.1571428571428575
2015-04-03,347.81,55.22,20.93,13.5,7.5,46.5,1.5,29.75,135.75,6.664285714285714,72.25,3.5,4,19.0,5.957142857142856
2015-04-04,348.82,67.57,35.95,0.0,8.75,43.0,0.0,29.75,129.75,6.778571428571429,70.63333333333334,3.5,4,35.0,5.778571428571428
2015-04-05,349.27,53.7,41.06,11.0,7.45,38.0,0.0,34.5,140.75,6.842857142857143,68.98333333333333,3.0,4,24.0,5.82142857142857
2015-04-06,349.83,78.05,46.74,2.5,9.2,35.0,0.0,37.0,143.25,7.278571428571428,67.3,3.0,4,21.75,5.628571428571428
2015-04-07,350.25,53.83,54.7,4.5,4.45,31.0,0.5,41.5,147.75,6.864285714285715,65.53333333333333,3.5,4,19.5,6.35
2015-04-08,349.83,32.8,59.87,0.0,2.2,29.5,0.0,31.5,134.0,6.407142857142857,63.81666666666667,2.0,4,33.0,7.578571428571429
2015-04-09,349.15,26.01,53.16,0.0,3.55,28.0,1.0,31.5,86.75,6.1571428571428575,62.06666666666667,3.0,4,33.25,8.392857142857142
2015-04-10,348.59,26.26,46.34,1.0,6.1,25.5,0.5,19.0,81.5,5.957142857142856,59.733333333333334,2.0,4,32.75,8.521428571428572
2015-04-11,348.32,41.61,42.84,16.0,7.5,22.5,2.0,35.0,96.5,5.778571428571428,57.56666666666667,4.0,4,17.0,8.635714285714286
2015-04-12,348.3,43.6,45.24,0.0,7.75,20.5,1.0,24.0,94.5,5.82142857142857,55.21666666666667,5.0,4,17.0,8.957142857142857
2015-04-13,348.23,37.57,44.13,0.25,7.8500000000000005,17.0,1.0,21.75,93.25,5.628571428571428,52.983333333333334,6.0,4,46.0,9.235714285714286
2015-04-14,348.14,45.53,42.66,2.25,9.5,14.0,1.5,19.5,95.5,6.35,50.7,7.0,4,47.75,9.121428571428572
2015-04-15,348.59,85.45,49.37,13.5,10.8,10.0,1.5,33.0,109.0,7.578571428571429,48.43333333333333,8.5,4,34.25,8.921428571428573
2015-04-16,349.31,71.37,58.31,0.25,9.25,5.0,2.0,33.25,109.25,8.392857142857142,46.06666666666667,9.5,4,34.0,9.335714285714285
2015-04-17,349.32,50.6,58.61,0.5,7.0,2.5,3.0,32.75,109.75,8.521428571428572,43.68333333333333,12.0,4,33.5,10.15
2015-04-18,349.03,41.2,55.7,0.25,8.3,0.0,0.0,17.0,98.75,8.635714285714286,41.31666666666667,10.0,4,33.25,10.492857142857144
2015-04-19,348.68,39.17,51.46,0.0,10.0,0.0,0.0,17.0,98.75,8.957142857142857,39.0,9.0,4,33.25,10.678571428571429
2015-04-20,348.49,49.98,48.34,29.25,9.8,0.0,0.0,46.0,128.0,9.235714285714286,36.766666666666666,8.0,4,4.0,11.414285714285715
2015-04-21,348.98,78.48,55.01,4.0,8.7,0.0,0.0,47.75,131.0,9.121428571428572,34.6,6.5,4,0.0,12.514285714285714
2015-04-22,349.08,50.84,56.69,0.0,9.4,0.0,0.0,34.25,128.0,8.921428571428573,32.416666666666664,5.0,4,0.0,13.585714285714285
2015-04-23,348.93,50.18,55.51,0.0,12.15,0.0,0.0,34.0,117.75,9.335714285714285,29.966666666666665,3.0,4,0.0,14.228571428571428
2015-04-24,348.84,53.4,54.63,0.0,12.7,0.0,0.0,33.5,115.0,10.15,27.566666666666666,0.0,4,0.0,14.821428571428571
2015-04-25,348.83,52.47,54.52,0.0,10.7,0.0,0.0,33.25,115.0,10.492857142857144,25.333333333333332,0.0,4,0.0,15.728571428571428
2015-04-26,348.73,47.78,53.11,0.0,11.3,0.0,0.0,33.25,115.0,10.678571428571429,23.166666666666668,0.0,4,0.0,16.535714285714285
2015-04-27,348.65,54.15,51.69,0.0,14.95,0.0,0.0,4.0,115.0,11.414285714285715,21.116666666666667,0.0,4,5.75,16.97142857142857
2015-04-28,348.84,65.58,54.52,0.0,16.4,0.0,0.0,0.0,108.75,12.514285714285714,19.183333333333334,0.0,4,5.75,16.47142857142857
2015-04-29,349.04,61.64,56.64,0.0,16.9,0.0,0.0,0.0,108.75,13.585714285714285,17.333333333333332,0.0,4,5.75,16.0
2015-04-30,349.11,58.09,57.25,0.0,16.65,0.0,0.0,0.0,108.75,14.228571428571428,15.566666666666666,0.0,4,5.75,15.757142857142856
2015-05-01,349.11,56.53,57.37,0.0,16.85,0.0,0.0,0.0,98.75,14.821428571428571,13.9,0.0,5,5.75,15.35
2015-05-02,349.07,53.69,57.05,0.0,17.05,0.0,0.0,0.0,98.75,15.728571428571428,12.266666666666667,0.0,5,5.75,14.764285714285716
2015-05-03,348.98,52.56,56.25,0.0,16.95,0.0,0.0,0.0,85.25,16.535714285714285,10.716666666666667,0.0,5,6.0,13.892857142857142
2015-05-04,348.92,56.08,55.67,5.75,18.0,0.0,0.0,5.75,91.0,16.97142857142857,9.283333333333333,0.0,5,0.25,13.299999999999999
2015-05-05,348.96,52.38,56.07,0.0,12.9,0.0,0.0,5.75,80.0,16.47142857142857,8.016666666666667,0.0,5,6.75,13.2
2015-05-06,348.71,40.7,52.99,0.0,13.600000000000001,0.0,0.0,5.75,77.5,16.0,6.85,0.0,5,13.25,13.464285714285714
2015-05-07,348.45,40.33,48.93,0.0,14.95,0.0,0.0,5.75,73.0,15.757142857142856,5.816666666666666,0.0,5,13.25,13.807142857142859
2015-05-08,348.22,34.41,45.47,0.0,14.0,0.0,0.0,5.75,73.0,15.35,4.833333333333333,0.0,5,29.5,14.042857142857143
2015-05-09,347.97,30.45,41.69,0.0,12.95,0.0,0.0,5.75,73.0,14.764285714285716,3.9,0.0,5,35.0,14.285714285714286
2015-05-10,347.69,27.38,37.78,0.25,10.850000000000001,0.0,0.0,6.0,72.25,13.892857142857142,3.05,0.0,5,35.0,14.657142857142857
2015-05-11,347.45,27.38,34.58,0.0,13.85,0.0,0.0,0.25,56.25,13.299999999999999,2.3,0.0,5,35.0,15.057142857142859
2015-05-12,347.28,24.32,32.32,6.5,12.2,0.0,0.0,6.75,62.75,13.2,1.6166666666666667,0.0,5,48.5,15.514285714285716
2015-05-13,347.23,34.4,31.6,6.5,15.45,0.0,0.0,13.25,69.0,13.464285714285714,1.05,0.0,5,42.0,15.607142857142858
2015-05-14,347.28,36.48,32.48,0.0,17.35,0.0,0.0,13.25,66.75,13.807142857142859,0.5833333333333334,0.0,5,44.5,14.992857142857144
2015-05-15,347.32,31.72,32.92,16.25,15.65,0.0,0.0,29.5,69.5,14.042857142857143,0.25,0.0,5,28.25,15.071428571428571
2015-05-16,347.42,38.2,33.8,5.5,14.65,0.0,0.0,35.0,74.75,14.285714285714286,0.08333333333333333,0.0,5,22.75,15.549999999999999
2015-05-17,347.35,26.19,32.99,0.25,13.45,0.0,0.0,35.0,74.5,14.657142857142857,0.0,0.0,5,22.5,16.235714285714288
2015-05-18,347.17,24.22,31.02,0.0,16.65,0.0,0.0,35.0,74.25,15.057142857142859,0.0,0.0,5,22.5,16.407142857142855
2015-05-19,347.12,31.73,30.53,20.0,15.4,0.0,0.0,48.5,94.25,15.514285714285716,0.0,0.0,5,2.5,16.928571428571427
2015-05-20,347.09,27.36,30.15,0.0,16.1,0.0,0.0,42.0,65.0,15.607142857142858,0.0,0.0,5,2.5,16.9
2015-05-21,346.98,22.79,28.98,2.5,13.05,0.0,0.0,44.5,63.5,14.992857142857144,0.0,0.0,5,0.0,17.357142857142858
2015-05-22,346.81,21.66,27.08,0.0,16.2,0.0,0.0,28.25,63.5,15.071428571428571,0.0,0.0,5,0.0,17.9
2015-05-23,346.7,22.05,25.92,0.0,18.0,0.0,0.0,22.75,63.5,15.549999999999999,0.0,0.0,5,0.0,18.535714285714285
2015-05-24,346.59,21.07,24.94,0.0,18.25,0.0,0.0,22.5,63.5,16.235714285714288,0.0,0.0,5,2.5,18.27142857142857
2015-05-25,346.49,19.31,23.96,0.0,17.85,0.0,0.0,22.5,63.5,16.407142857142855,0.0,0.0,5,2.5,18.192857142857143
2015-05-26,346.37,18.7,22.96,0.0,19.049999999999997,0.0,0.0,2.5,63.5,16.928571428571427,0.0,0.0,5,2.5,18.25714285714286
2015-05-27,346.25,16.15,21.96,0.0,15.899999999999999,0.0,0.0,2.5,63.5,16.9,0.0,0.0,5,5.0,18.599999999999998
2015-05-28,346.1,15.47,20.87,0.0,16.25,0.0,0.0,0.0,63.5,17.357142857142858,0.0,0.0,5,11.25,18.164285714285715
2015-05-29,345.97,15.83,20.01,0.0,20.0,0.0,0.0,0.0,63.5,17.9,0.0,0.0,5,11.25,17.599999999999998
2015-05-30,345.88,16.49,19.53,0.0,22.45,0.0,0.0,0.0,63.5,18.535714285714285,0.0,0.0,5,13.75,16.55
2015-05-31,345.8,14.92,19.1,2.5,16.4,0.0,0.0,2.5,66.0,18.27142857142857,0.0,0.0,5,11.25,16.592857142857145
2015-06-01,345.66,12.12,17.9,0.0,17.3,0.0,0.0,2.5,66.0,18.192857142857143,0.0,0.0,6,11.25,16.678571428571427
2015-06-02,345.52,13.16,17.28,0.0,19.5,0.0,0.0,2.5,66.0,18.25714285714286,0.0,0.0,6,29.0,16.342857142857145
2015-06-03,345.4,11.68,17.29,2.5,18.3,0.0,0.0,5.0,62.75,18.599999999999998,0.0,0.0,6,27.5,16.29285714285714
2015-06-04,345.28,13.93,17.3,6.25,13.2,0.0,0.0,11.25,69.0,18.164285714285715,0.0,0.0,6,21.25,17.2
2015-06-05,345.16,11.29,17.28,0.0,16.049999999999997,0.0,0.0,11.25,69.0,17.599999999999998,0.0,0.0,6,37.0,17.735714285714284
2015-06-06,344.97,9.58,17.31,2.5,15.1,0.0,0.0,13.75,71.5,16.55,0.0,0.0,6,34.75,18.42142857142857
2015-06-07,344.74,9.18,17.27,0.0,16.7,0.0,0.0,11.25,71.5,16.592857142857145,0.0,0.0,6,35.25,18.978571428571428
2015-06-08,344.52,8.89,17.35,0.0,17.9,0.0,0.0,11.25,71.5,16.678571428571427,0.0,0.0,6,35.25,19.321428571428573
2015-06-09,344.37,13.92,16.86,17.75,17.15,0.0,0.0,29.0,89.0,16.342857142857145,0.0,0.0,6,17.5,19.842857142857138
2015-06-10,344.27,11.47,16.99,1.0,17.95,0.0,0.0,27.5,90.0,16.29285714285714,0.0,0.0,6,27.75,20.157142857142855
2015-06-11,344.07,9.02,17.36,0.0,19.55,0.0,0.0,21.25,83.5,17.2,0.0,0.0,6,28.5,20.04285714285714
2015-06-12,343.84,10.12,17.27,15.75,19.8,0.0,0.0,37.0,92.75,17.735714285714284,0.0,0.0,6,12.75,19.86428571428571
2015-06-13,343.7,11.81,17.17,0.25,19.9,0.0,0.0,34.75,93.0,18.42142857142857,0.0,0.0,6,12.5,19.842857142857145
2015-06-14,343.49,8.87,17.09,0.5,20.6,0.0,0.0,35.25,77.25,18.978571428571428,0.0,0.0,6,12.0,19.764285714285712
2015-06-15,343.24,8.28,17.21,0.0,20.3,0.0,0.0,35.25,71.75,19.321428571428573,0.0,0.0,6,12.0,19.864285714285717
2015-06-16,342.99,7.63,17.14,0.0,20.799999999999997,0.0,0.0,17.5,71.5,19.842857142857138,0.0,0.0,6,12.0,19.885714285714283
2015-06-17,342.71,7.03,17.14,11.25,20.15,0.0,0.0,27.75,82.75,20.157142857142855,0.0,0.0,6,0.75,19.935714285714283
2015-06-18,342.42,7.22,16.64,0.75,18.75,0.0,0.0,28.5,63.5,20.04285714285714,0.0,0.0,6,0.0,20.3
2015-06-19,342.16,6.56,16.29,0.0,18.55,0.0,0.0,12.75,63.5,19.86428571428571,0.0,0.0,6,4.0,20.75
2015-06-20,341.86,6.61,17.56,0.0,19.75,0.0,0.0,12.5,61.0,19.842857142857145,0.0,0.0,6,49.75,20.599999999999998
2015-06-21,341.52,6.83,18.12,0.0,20.05,0.0,0.0,12.0,61.0,19.764285714285712,0.0,0.0,6,59.0,19.728571428571428
2015-06-22,341.19,6.26,18.2,0.0,21.0,0.0,0.0,12.0,61.0,19.864285714285717,0.0,0.0,6,59.0,19.085714285714285
2015-06-23,340.82,5.92,18.32,0.0,20.95,0.0,0.0,12.0,61.0,19.885714285714283,0.0,0.0,6,59.0,18.685714285714283
2015-06-24,340.45,5.66,18.4,0.0,20.5,0.0,0.0,0.75,61.0,19.935714285714283,0.0,0.0,6,65.5,18.349999999999998
2015-06-25,340.07,5.74,18.36,0.0,21.3,0.0,0.0,0.0,61.0,20.3,0.0,0.0,6,65.75,18.514285714285712
2015-06-26,339.68,5.52,18.33,4.0,21.7,0.0,0.0,4.0,65.0,20.75,0.0,0.0,6,61.75,18.457142857142856
2015-06-27,340.09,69.96,20.73,45.75,18.7,0.0,0.0,49.75,110.75,20.599999999999998,0.0,0.0,6,16.0,18.592857142857145
2015-06-28,341.67,53.29,19.14,9.25,13.95,0.0,0.0,59.0,120.0,19.728571428571428,0.0,0.0,6,6.75,19.385714285714283
2015-06-29,342.04,21.12,18.73,0.0,16.5,0.0,0.0,59.0,120.0,19.085714285714285,0.0,0.0,6,6.75,19.864285714285717
2015-06-30,342.0,14.51,18.27,0.0,18.15,0.0,0.0,59.0,117.5,18.685714285714283,0.0,0.0,6,6.75,20.314285714285713
2015-07-01,341.89,15.87,18.26,6.5,18.15,0.0,0.0,65.5,124.0,18.349999999999998,0.0,0.0,7,0.25,20.535714285714285
2015-07-02,341.8,13.12,18.25,0.25,22.45,0.0,0.0,65.75,124.25,18.514285714285712,0.0,0.0,7,0.0,20.228571428571428
2015-07-03,341.61,11.04,18.22,0.0,21.3,0.0,0.0,61.75,121.75,18.457142857142856,0.0,0.0,7,0.0,20.150000000000002
2015-07-04,341.38,9.66,18.21,0.0,19.65,0.0,0.0,16.0,115.5,18.592857142857145,0.0,0.0,7,0.0,20.37142857142857
2015-07-05,341.12,8.68,18.2,0.0,19.5,0.0,0.0,6.75,115.5,19.385714285714283,0.0,0.0,7,0.0,20.95
2015-07-06,340.83,8.15,18.2,0.0,19.85,0.0,0.0,6.75,113.0,19.864285714285717,0.0,0.0,7,0.0,21.70714285714286
2015-07-07,340.5,6.81,18.2,0.0,21.3,0.0,0.0,6.75,113.0,20.314285714285713,0.0,0.0,7,0.0,22.485714285714288
2015-07-08,340.16,6.24,18.25,0.0,19.700000000000003,0.0,0.0,0.25,113.0,20.535714285714285,0.0,0.0,7,0.0,23.32857142857143
2015-07-09,339.79,6.1,18.26,0.0,20.3,0.0,0.0,0.0,95.25,20.228571428571428,0.0,0.0,7,0.5,23.7
2015-07-10,339.41,5.75,18.24,0.0,20.75,0.0,0.0,0.0,94.25,20.150000000000002,0.0,0.0,7,0.75,24.214285714285715
2015-07-11,339.03,5.53,18.19,0.0,21.2,0.0,0.0,0.0,94.25,20.37142857142857,0.0,0.0,7,1.0,24.621428571428574
2015-07-12,338.64,5.59,18.14,0.0,23.55,0.0,0.0,0.0,78.5,20.95,0.0,0.0,7,3.0,24.49285714285714
2015-07-13,338.23,4.93,19.05,0.0,25.15,0.0,0.0,0.0,78.25,21.70714285714286,0.0,0.0,7,3.0,24.199999999999996
2015-07-14,337.73,5.16,21.84,0.0,26.75,0.0,0.0,0.0,77.75,22.485714285714288,0.0,0.0,7,3.0,24.142857142857142
2015-07-15,337.2,5.16,21.75,0.0,25.6,0.0,0.0,0.0,77.75,23.32857142857143,0.0,0.0,7,3.5,24.400000000000002
2015-07-16,336.67,4.75,21.68,0.5,22.9,0.0,0.0,0.5,78.25,23.7,0.0,0.0,7,23.5,24.52857142857143
2015-07-17,336.15,4.88,15.94,0.25,24.35,0.0,0.0,0.75,67.25,24.214285714285715,0.0,0.0,7,47.0,24.514285714285712
2015-07-18,336.03,4.11,4.41,0.25,24.05,0.0,0.0,1.0,66.75,24.621428571428574,0.0,0.0,7,89.25,24.37857142857143
2015-07-19,335.98,4.7,10.43,2.0,22.65,0.0,0.0,3.0,68.75,24.49285714285714,0.0,0.0,7,87.25,24.842857142857145
2015-07-20,335.58,4.52,20.2,0.0,23.1,0.0,0.0,3.0,68.75,24.199999999999996,0.0,0.0,7,87.25,25.307142857142857
2015-07-21,335.02,4.48,21.46,0.0,26.35,0.0,0.0,3.0,68.75,24.142857142857142,0.0,0.0,7,88.25,25.235714285714284
2015-07-22,334.46,5.64,21.57,0.5,27.4,0.0,0.0,3.5,69.25,24.400000000000002,0.0,0.0,7,88.25,25.114285714285717
2015-07-23,333.97,8.5,21.57,20.5,23.799999999999997,0.0,0.0,23.5,89.75,24.52857142857143,0.0,0.0,7,67.75,25.5
2015-07-24,333.61,19.64,15.89,23.75,24.25,0.0,0.0,47.0,113.5,24.514285714285712,0.0,0.0,7,53.25,25.885714285714283
2015-07-25,334.32,27.32,4.43,42.5,23.1,0.0,0.0,89.25,156.0,24.37857142857143,0.0,0.0,7,10.75,26.38571428571429
2015-07-26,334.81,14.76,10.92,0.0,25.9,0.0,0.0,87.25,152.0,24.842857142857145,0.0,0.0,7,10.75,26.478571428571428
2015-07-27,334.65,10.81,20.25,0.0,26.35,0.0,0.0,87.25,106.25,25.307142857142857,0.0,0.0,7,10.75,26.50714285714286
2015-07-28,334.26,8.87,21.54,1.0,25.85,0.0,0.0,88.25,98.0,25.235714285714284,0.0,0.0,7,9.75,26.685714285714283
2015-07-29,333.81,7.91,21.47,0.5,26.55,0.0,0.0,88.25,98.5,25.114285714285717,0.0,0.0,7,9.25,26.75714285714286
2015-07-30,333.32,6.68,21.39,0.0,26.5,0.0,0.0,67.75,98.5,25.5,0.0,0.0,7,9.25,26.835714285714285
2015-07-31,332.78,5.53,21.34,9.25,26.95,0.0,0.0,53.25,101.25,25.885714285714283,0.0,0.0,7,0.0,26.75
2015-08-01,332.21,5.01,21.31,0.0,26.6,0.0,0.0,10.75,101.0,26.38571428571429,0.0,0.0,8,0.0,26.464285714285715
2015-08-02,331.62,4.93,21.25,0.0,26.55,0.0,0.0,10.75,101.0,26.478571428571428,0.0,0.0,8,0.0,26.057142857142857
2015-08-03,331.03,4.67,20.26,0.0,26.55,0.0,0.0,10.75,101.0,26.50714285714286,0.0,0.0,8,2.5,25.964285714285715
2015-08-04,330.48,4.33,19.5,0.0,27.1,0.0,0.0,9.75,101.0,26.685714285714283,0.0,0.0,8,6.5,25.614285714285717
2015-08-05,329.91,4.0,19.43,0.0,27.05,0.0,0.0,9.25,101.0,26.75714285714286,0.0,0.0,8,8.0,25.192857142857143
2015-08-06,329.33,4.07,19.4,0.0,27.049999999999997,0.0,0.0,9.25,101.0,26.835714285714285,0.0,0.0,8,10.5,24.542857142857144
2015-08-07,328.74,3.86,19.34,0.0,26.35,0.0,0.0,0.0,101.0,26.75,0.0,0.0,8,21.75,24.0
2015-08-08,328.13,3.63,19.24,0.0,24.6,0.0,0.0,0.0,101.0,26.464285714285715,0.0,0.0,8,23.5,23.86428571428571
2015-08-09,327.53,4.27,19.17,0.0,23.700000000000003,0.0,0.0,0.0,101.0,26.057142857142857,0.0,0.0,8,23.5,23.95714285714286
2015-08-10,326.94,3.83,18.46,2.5,25.9,0.0,0.0,2.5,103.5,25.964285714285715,0.0,0.0,8,34.0,23.557142857142857
2015-08-11,326.36,4.99,18.77,4.0,24.65,0.0,0.0,6.5,107.5,25.614285714285717,0.0,0.0,8,39.25,23.37142857142857
2015-08-12,325.78,4.05,18.73,1.5,24.1,0.0,0.0,8.0,109.0,25.192857142857143,0.0,0.0,8,39.5,23.028571428571432
2015-08-13,325.16,3.85,18.64,2.5,22.5,0.0,0.0,10.5,111.5,24.542857142857144,0.0,0.0,8,37.0,22.814285714285717
2015-08-14,324.59,5.95,18.63,11.25,22.549999999999997,0.0,0.0,21.75,122.75,24.0,0.0,0.0,8,36.25,22.707142857142856
2015-08-15,324.06,5.86,18.6,1.75,23.65,0.0,0.0,23.5,124.0,23.86428571428571,0.0,0.0,8,57.25,22.321428571428577
2015-08-16,323.47,4.55,18.5,0.0,24.35,0.0,0.0,23.5,123.75,23.95714285714286,0.0,0.0,8,58.25,22.0
2015-08-17,322.88,7.38,16.11,13.0,23.1,0.0,0.0,34.0,136.5,23.557142857142857,0.0,0.0,8,45.25,21.635714285714283
2015-08-18,322.92,15.98,14.42,9.25,23.35,0.0,0.0,39.25,143.75,23.37142857142857,0.0,0.0,8,36.0,20.95714285714286
2015-08-19,322.69,7.21,14.32,1.75,21.700000000000003,0.0,0.0,39.5,145.5,23.028571428571432,0.0,0.0,8,41.75,20.45714285714286
2015-08-20,322.35,6.06,13.62,0.0,21.0,0.0,0.0,37.0,145.5,22.814285714285717,0.0,0.0,8,46.75,20.107142857142858
2015-08-21,322.04,7.04,12.29,10.5,21.8,0.0,0.0,36.25,155.5,22.707142857142856,0.0,0.0,8,36.25,19.892857142857142
2015-08-22,322.13,18.45,12.31,22.75,20.95,0.0,0.0,57.25,157.75,22.321428571428577,0.0,0.0,8,15.75,19.571428571428573
2015-08-23,322.2,10.32,12.32,1.0,22.1,0.0,0.0,58.25,135.0,22.0,0.0,0.0,8,19.5,19.07857142857143
2015-08-24,322.05,8.17,12.31,0.0,20.55,0.0,0.0,45.25,92.5,21.635714285714283,0.0,0.0,8,22.0,18.864285714285717
2015-08-25,321.84,6.83,11.14,0.0,18.6,0.0,0.0,36.0,92.5,20.95714285714286,0.0,0.0,8,29.75,19.20714285714286
2015-08-26,321.69,7.83,10.2,7.5,18.200000000000003,0.0,0.0,41.75,100.0,20.45714285714286,0.0,0.0,8,29.75,19.74285714285714
2015-08-27,321.62,9.54,10.19,5.0,18.55,0.0,0.0,46.75,104.0,20.107142857142858,0.0,0.0,8,25.25,20.264285714285712
2015-08-28,321.56,8.03,10.18,0.0,20.3,0.0,0.0,36.25,103.5,19.892857142857142,0.0,0.0,8,36.5,20.321428571428573
2015-08-29,321.45,7.59,10.18,2.25,18.7,0.0,0.0,15.75,105.75,19.571428571428573,0.0,0.0,8,34.5,20.47142857142857
2015-08-30,321.32,7.82,10.19,4.75,18.65,0.0,0.0,19.5,101.25,19.07857142857143,0.0,0.0,8,34.0,20.45
2015-08-31,321.23,8.03,10.18,2.5,19.05,0.0,0.0,22.0,103.75,18.864285714285717,0.0,0.0,8,35.5,20.42142857142857
2015-09-01,321.12,8.02,10.17,7.75,21.0,0.0,0.0,29.75,111.5,19.20714285714286,0.0,0.0,9,27.75,20.150000000000002
2015-09-02,321.11,10.63,10.2,7.5,21.95,0.0,0.0,29.75,119.0,19.74285714285714,0.0,0.0,9,24.0,19.792857142857144
2015-09-03,321.06,8.72,10.2,0.5,22.200000000000003,0.0,0.0,25.25,119.5,20.264285714285712,0.0,0.0,9,42.25,19.614285714285717
2015-09-04,321.03,11.25,10.2,11.25,20.700000000000003,0.0,0.0,36.5,130.75,20.321428571428573,0.0,0.0,9,106.5,19.57857142857143
2015-09-05,321.09,10.24,10.24,0.25,19.75,0.0,0.0,34.5,131.0,20.47142857142857,0.0,0.0,9,106.25,19.671428571428574
2015-09-06,321.06,9.36,10.2,4.25,18.5,0.0,0.0,34.0,135.25,20.45,0.0,0.0,9,107.0,19.70714285714286
2015-09-07,321.03,9.99,10.2,4.0,18.85,0.0,0.0,35.5,139.25,20.42142857142857,0.0,0.0,9,103.0,19.47142857142857
2015-09-08,321.0,8.94,10.2,0.0,19.1,0.0,0.0,27.75,139.25,20.150000000000002,0.0,0.0,9,103.0,19.014285714285712
2015-09-09,320.96,12.51,10.2,3.75,19.450000000000003,0.0,0.0,24.0,140.5,19.792857142857144,0.0,0.0,9,99.25,18.585714285714285
2015-09-10,321.78,66.69,6.68,18.75,20.95,0.0,0.0,42.25,155.25,19.614285714285717,0.0,0.0,9,85.75,18.057142857142857
2015-09-11,330.62,239.58,3.95,75.5,20.45,0.0,0.0,106.5,229.25,19.57857142857143,0.0,0.0,9,37.75,17.564285714285713
2015-09-12,333.7,40.55,3.88,0.0,20.4,0.0,0.0,106.25,226.75,19.671428571428574,0.0,0.0,9,47.25,17.514285714285712
2015-09-13,334.61,25.39,3.85,5.0,18.75,0.0,0.0,107.0,220.5,19.70714285714286,0.0,0.0,9,45.0,17.6
2015-09-14,335.21,17.98,3.89,0.0,17.2,0.0,0.0,103.0,218.75,19.47142857142857,0.0,0.0,9,45.0,17.771428571428572
2015-09-15,335.6,13.55,3.6,0.0,15.899999999999999,0.0,0.0,103.0,218.75,19.014285714285712,0.0,0.0,9,45.0,18.128571428571426
2015-09-16,335.9,11.69,3.55,0.0,16.45,0.0,0.0,99.25,205.75,18.585714285714285,0.0,0.0,9,45.0,18.37857142857143
2015-09-17,336.13,10.69,3.95,5.25,17.25,0.0,0.0,85.75,201.75,18.057142857142857,0.0,0.0,9,39.75,18.407142857142855
2015-09-18,336.73,34.51,3.93,27.5,17.0,0.0,0.0,37.75,227.5,17.564285714285713,0.0,0.0,9,13.75,18.314285714285713
2015-09-19,337.52,19.65,3.92,9.5,20.05,0.0,0.0,47.25,237.0,17.514285714285712,0.0,0.0,9,16.0,17.92142857142857
2015-09-20,337.96,17.19,3.92,2.75,19.35,0.0,0.0,45.0,229.25,17.6,0.0,0.0,9,13.25,17.821428571428573
2015-09-21,338.31,13.26,3.93,0.0,18.4,0.0,0.0,45.0,206.5,17.771428571428572,0.0,0.0,9,17.5,17.514285714285712
2015-09-22,338.56,11.32,3.92,0.0,18.4,0.0,0.0,45.0,205.5,18.128571428571426,0.0,0.0,9,23.25,17.0
2015-09-23,338.78,10.69,3.93,0.0,18.2,0.0,0.0,45.0,205.5,18.37857142857143,0.0,0.0,9,23.5,16.364285714285714
2015-09-24,338.98,10.03,3.92,0.0,17.45,0.0,0.0,39.75,205.5,18.407142857142855,0.0,0.0,9,56.0,16.05
2015-09-25,339.16,9.49,3.9,1.5,16.35,0.0,0.0,13.75,199.5,18.314285714285713,0.0,0.0,9,73.75,15.9
2015-09-26,339.35,10.8,3.9,11.75,17.3,0.0,0.0,16.0,206.25,17.92142857142857,0.0,0.0,9,73.0,15.642857142857142
2015-09-27,339.53,8.5,3.9,0.0,18.65,0.0,0.0,13.25,206.25,17.821428571428573,0.0,0.0,9,73.0,14.799999999999999
2015-09-28,339.65,7.49,3.88,4.25,16.25,0.0,0.0,17.5,208.25,17.514285714285712,0.0,0.0,9,69.0,14.114285714285714
2015-09-29,339.77,8.16,3.89,5.75,14.8,0.0,0.0,23.25,209.25,17.0,0.0,0.0,9,63.25,13.678571428571429
2015-09-30,339.89,7.15,3.86,0.25,13.75,0.0,0.0,23.5,207.0,16.364285714285714,0.0,0.0,9,63.0,13.37142857142857
2015-10-01,339.97,7.13,3.84,32.5,15.25,0.0,0.0,56.0,231.75,16.05,0.0,0.0,10,31.25,13.114285714285714
2015-10-02,340.24,15.22,3.85,19.25,15.3,0.0,0.0,73.75,243.5,15.9,0.0,0.0,10,22.25,12.928571428571429
2015-10-03,340.45,9.21,3.85,11.0,15.5,0.0,0.0,73.0,254.0,15.642857142857142,0.0,0.0,10,13.25,12.871428571428572
2015-10-04,340.69,12.57,3.86,0.0,12.75,0.0,0.0,73.0,242.75,14.799999999999999,0.0,0.0,10,17.0,12.87857142857143
2015-10-05,340.88,9.55,3.85,0.25,11.45,0.0,0.0,69.0,242.75,14.114285714285714,0.0,0.0,10,21.25,13.092857142857143
2015-10-06,341.03,8.22,3.85,0.0,11.75,0.0,0.0,63.25,238.5,13.678571428571429,0.0,0.0,10,27.75,13.064285714285715
2015-10-07,341.15,7.96,3.85,0.0,11.600000000000001,0.0,0.0,63.0,234.5,13.37142857142857,0.0,0.0,10,27.75,12.842857142857142
2015-10-08,341.26,7.26,3.84,0.75,13.45,0.0,0.0,31.25,235.25,13.114285714285714,0.0,0.0,10,27.0,12.421428571428573
2015-10-09,341.5,16.5,3.84,10.25,14.0,0.0,0.0,22.25,241.75,12.928571428571429,0.0,0.0,10,16.75,11.807142857142859
2015-10-10,341.8,11.03,3.85,2.0,15.100000000000001,0.0,0.0,13.25,225.0,12.871428571428572,0.0,0.0,10,14.75,11.207142857142856
2015-10-11,341.97,8.97,3.84,3.75,12.8,0.0,0.0,17.0,153.25,12.87857142857143,0.0,0.0,10,11.0,11.25
2015-10-12,342.12,8.7,3.84,4.5,12.95,0.0,0.0,21.25,157.75,13.092857142857143,0.0,0.0,10,6.5,11.25
2015-10-13,342.28,11.87,3.85,6.5,11.55,0.0,0.0,27.75,159.25,13.064285714285715,0.0,0.0,10,1.25,11.228571428571428
2015-10-14,342.53,10.97,3.65,0.0,10.05,0.0,0.0,27.75,159.25,12.842857142857142,0.0,0.0,10,1.25,11.114285714285714
2015-10-15,342.7,9.11,3.88,0.0,10.5,0.0,0.0,27.0,159.25,12.421428571428573,0.0,0.0,10,1.5,11.035714285714286
2015-10-16,342.84,8.07,3.88,0.0,9.7,0.0,0.0,16.75,159.25,11.807142857142859,0.0,0.0,10,1.5,10.764285714285714
2015-10-17,342.95,7.72,3.87,0.0,10.899999999999999,0.0,0.0,14.75,154.0,11.207142857142856,0.0,0.0,10,14.5,10.892857142857142
2015-10-18,343.04,7.06,3.88,0.0,13.1,0.0,0.0,11.0,126.5,11.25,0.0,0.0,10,16.0,10.135714285714286
2015-10-19,343.13,6.37,3.87,0.0,12.95,0.0,0.0,6.5,117.0,11.25,0.0,0.0,10,16.0,9.514285714285714
2015-10-20,343.2,6.35,3.85,1.25,11.4,0.0,0.0,1.25,115.5,11.228571428571428,0.0,0.0,10,14.75,9.264285714285714
2015-10-21,343.26,5.99,3.85,0.0,9.25,0.0,0.0,1.25,115.5,11.114285714285714,0.0,0.0,10,16.0,9.714285714285714
2015-10-22,343.3,5.56,5.2,0.25,9.95,0.0,0.0,1.5,115.75,11.035714285714286,0.0,0.0,10,20.75,9.364285714285714
2015-10-23,343.29,5.37,6.08,0.0,7.8,0.0,0.0,1.5,115.75,10.764285714285714,0.0,0.0,10,36.0,9.328571428571427
2015-10-24,343.28,7.15,6.08,13.0,11.8,0.0,0.0,14.5,128.75,10.892857142857142,0.0,0.0,10,23.5,8.685714285714285
2015-10-25,343.32,6.42,6.06,1.5,7.8,0.0,0.0,16.0,128.75,10.135714285714286,0.0,0.0,10,22.25,8.714285714285714
2015-10-26,343.3,5.1,6.53,0.0,8.6,0.0,0.0,16.0,117.0,9.514285714285714,0.0,0.0,10,30.5,8.264285714285714
2015-10-27,343.2,5.46,13.32,0.0,9.649999999999999,0.0,0.0,14.75,117.0,9.264285714285714,0.0,0.0,10,30.75,8.064285714285715
2015-10-28,342.88,5.3,17.19,1.25,12.399999999999999,0.0,0.0,16.0,114.0,9.714285714285714,0.0,0.0,10,29.5,7.428571428571429
2015-10-29,342.55,6.35,17.16,5.0,7.5,0.0,0.0,20.75,113.25,9.364285714285714,0.0,0.0,10,24.5,7.714285714285714
2015-10-30,342.28,9.54,17.21,15.25,7.55,0.0,0.0,36.0,128.25,9.328571428571427,0.0,0.0,10,9.25,8.035714285714286
2015-10-31,342.06,8.58,17.21,0.5,7.3,0.0,0.0,23.5,96.25,8.685714285714285,0.0,0.0,10,8.75,8.378571428571428
2015-11-01,341.81,6.85,13.01,0.25,8.0,0.0,0.0,22.25,77.25,8.714285714285714,0.0,0.0,11,23.5,8.564285714285715
2015-11-02,341.81,7.62,3.86,8.25,5.45,0.0,0.0,30.5,74.5,8.264285714285714,0.0,0.0,11,51.0,9.571428571428571
2015-11-03,341.93,7.26,3.84,0.25,8.25,0.0,0.0,30.75,74.75,8.064285714285715,0.0,0.0,11,51.0,10.05
2015-11-04,342.01,6.59,3.85,0.0,7.95,0.0,0.0,29.5,74.5,7.428571428571429,0.0,0.0,11,51.5,9.935714285714285
2015-11-05,342.08,5.93,3.85,0.0,9.5,0.0,0.0,24.5,74.5,7.714285714285714,0.0,0.0,11,51.5,9.214285714285714
2015-11-06,342.14,5.93,3.84,0.0,9.8,0.0,0.0,9.25,74.5,8.035714285714286,0.0,0.0,11,51.5,8.700000000000001
2015-11-07,342.19,5.24,3.84,0.0,9.7,0.0,0.0,8.75,73.75,8.378571428571428,0.0,0.0,11,62.5,8.807142857142859
2015-11-08,342.25,7.33,3.84,15.0,9.3,0.0,0.0,23.5,78.5,8.564285714285715,0.0,0.0,11,64.25,9.464285714285714
2015-11-09,342.69,28.28,3.85,35.75,12.5,0.0,0.0,51.0,112.25,9.571428571428571,0.0,0.0,11,29.0,9.364285714285716
2015-11-10,343.22,17.03,3.84,0.25,11.600000000000001,0.0,0.0,51.0,108.75,10.05,0.0,0.0,11,29.75,9.364285714285714
2015-11-11,343.53,13.49,3.84,0.5,7.15,0.0,0.0,51.5,104.75,9.935714285714285,0.0,0.0,11,32.25,9.864285714285714
2015-11-12,343.75,10.98,5.26,0.0,4.45,0.0,0.0,51.5,98.25,9.214285714285714,0.0,0.0,11,35.0,10.335714285714285
2015-11-13,343.86,9.4,6.18,0.0,6.199999999999999,0.0,0.0,51.5,98.25,8.700000000000001,0.0,0.0,11,35.0,10.178571428571429
2015-11-14,344.01,25.36,12.67,11.0,10.45,0.0,0.0,62.5,109.25,8.807142857142859,0.0,0.0,11,24.75,9.65
2015-11-15,344.54,36.79,17.3,16.75,13.899999999999999,0.0,0.0,64.25,126.0,9.464285714285714,0.0,0.0,11,8.0,8.328571428571427
2015-11-16,344.96,28.37,17.33,0.5,11.8,0.0,0.0,29.0,126.5,9.364285714285716,0.0,0.0,11,17.25,7.242857142857143
2015-11-17,345.11,18.85,17.35,1.0,11.6,0.0,0.0,29.75,127.5,9.364285714285714,0.0,0.0,11,24.75,6.378571428571428
2015-11-18,345.09,15.12,17.36,3.0,10.65,0.0,0.0,32.25,130.5,9.864285714285714,0.0,0.0,11,22.25,5.278571428571429
2015-11-19,345.03,14.78,17.35,2.75,7.75,0.0,0.0,35.0,132.0,10.335714285714285,0.0,0.0,11,32.5,4.764285714285714
2015-11-20,344.92,12.18,17.33,0.0,5.1,0.0,0.0,35.0,132.0,10.178571428571429,0.0,0.0,11,46.25,4.771428571428571
2015-11-21,344.76,10.69,17.31,0.75,6.75,0.0,0.0,24.75,132.5,9.65,0.0,0.0,11,49.5,4.357142857142857
2015-11-22,344.57,9.94,17.29,0.0,4.65,0.0,0.0,8.0,132.5,8.328571428571427,0.0,0.0,11,51.5,4.092857142857143
2015-11-23,344.36,9.55,17.27,9.75,4.2,0.0,0.0,17.25,129.25,7.242857142857143,0.0,0.0,11,49.25,4.1000000000000005
2015-11-24,344.24,15.05,17.26,8.5,5.55,0.0,0.0,24.75,136.25,6.378571428571428,0.0,0.0,11,41.0,3.8642857142857143
2015-11-25,344.13,12.11,17.25,0.5,2.95,0.0,0.0,22.25,136.75,5.278571428571429,0.0,0.0,11,40.5,3.857142857142857
2015-11-26,344.03,18.71,17.25,13.0,4.15,0.0,0.0,32.5,149.75,4.764285714285714,0.0,0.0,11,32.25,4.071428571428571
2015-11-27,344.19,23.53,17.28,13.75,5.15,0.0,0.0,46.25,162.25,4.771428571428571,0.0,0.0,11,56.5,3.45
2015-11-28,344.31,18.72,17.25,4.0,3.85,0.0,0.0,49.5,161.25,4.357142857142857,0.0,0.0,11,61.5,3.2714285714285714
2015-11-29,344.28,14.67,17.24,2.0,2.8,0.0,0.0,51.5,148.0,4.092857142857143,0.0,0.0,11,60.25,3.0785714285714283
2015-11-30,344.24,13.36,12.62,7.5,4.25,0.0,0.0,49.25,155.0,4.1000000000000005,0.0,0.0,11,52.75,2.742857142857143
2015-12-01,344.29,13.34,11.5,0.25,3.9,0.0,0.0,41.0,155.0,3.8642857142857143,0.0,0.0,12,52.5,2.242857142857143
2015-12-02,344.31,11.5,11.5,0.0,2.9,0.0,0.0,40.5,146.75,3.857142857142857,0.0,0.0,12,52.5,1.8071428571428572
2015-12-03,344.24,13.99,17.3,4.75,5.65,0.0,0.0,32.25,151.25,4.071428571428571,0.0,0.0,12,48.75,1.092857142857143
2015-12-04,344.24,18.04,17.3,38.0,0.8,17.0,19.0,56.5,189.25,3.45,0.5666666666666667,19.0,12,63.5,1.5642857142857143
2015-12-05,344.2,14.72,17.29,9.0,2.6,16.0,2.5,61.5,198.25,3.2714285714285714,1.1,21.5,12,54.5,1.614285714285714
2015-12-06,344.1,11.84,17.3,0.75,1.4500000000000002,12.5,1.0,60.25,199.0,3.0785714285714283,1.5166666666666666,22.5,12,54.0,1.6428571428571428
2015-12-07,343.93,10.84,17.27,0.0,1.9,10.0,0.0,52.75,199.0,2.742857142857143,1.85,22.5,12,54.0,1.8428571428571427
2015-12-08,343.73,10.1,17.25,0.0,0.4,9.0,0.0,52.5,184.0,2.242857142857143,2.15,22.5,12,58.0,2.542857142857143
2015-12-09,343.52,9.41,17.27,0.0,-0.15000000000000002,7.5,0.0,52.5,148.25,1.8071428571428572,2.4,22.5,12,67.75,3.528571428571429
2015-12-10,343.35,8.78,12.0,1.0,0.6499999999999999,7.5,0.5,48.75,149.0,1.092857142857143,2.65,23.0,12,74.5,3.5500000000000003
2015-12-11,343.72,55.32,12.34,52.75,4.1,7.5,2.0,63.5,201.25,1.5642857142857143,2.9,6.0,12,22.75,3.1214285714285714
2015-12-12,344.85,36.02,17.27,0.0,2.95,5.0,0.0,54.5,201.25,1.614285714285714,3.066666666666667,3.5,12,23.25,2.892857142857143
2015-12-13,345.12,22.47,17.26,0.25,1.6500000000000001,4.5,1.0,54.0,201.5,1.6428571428571428,3.216666666666667,3.5,12,23.0,2.9857142857142853
2015-12-14,345.18,17.63,17.26,0.0,3.3,4.0,0.0,54.0,190.5,1.8428571428571427,3.35,3.5,12,29.0,2.814285714285714
2015-12-15,345.16,16.53,17.28,4.0,5.300000000000001,3.0,0.0,58.0,177.75,2.542857142857143,3.45,3.5,12,25.75,2.5428571428571423
2015-12-16,345.28,28.54,17.32,9.75,6.75,2.0,0.0,67.75,187.0,3.528571428571429,3.5166666666666666,3.5,12,16.25,1.7928571428571427
2015-12-17,345.66,29.33,17.54,7.75,0.7999999999999999,11.5,12.0,74.5,193.75,3.5500000000000003,3.9,15.0,12,8.75,2.2642857142857142
2015-12-18,345.81,19.84,17.94,1.0,1.1,10.0,3.5,22.75,191.75,3.1214285714285714,4.233333333333333,16.5,12,12.5,2.4071428571428575
2015-12-19,345.8,15.9,17.8,0.5,1.35,7.5,0.5,23.25,189.5,2.892857142857143,4.483333333333333,17.0,12,27.25,2.2499999999999996
2015-12-20,345.71,13.3,17.5,0.0,2.3,5.0,0.0,23.0,189.5,2.9857142857142853,4.65,16.0,12,30.25,1.4142857142857144
2015-12-21,345.6,13.01,17.24,6.0,2.1,4.0,0.0,29.0,194.75,2.814285714285714,4.783333333333333,16.0,12,31.75,0.7857142857142857
2015-12-22,345.49,12.34,17.2,0.75,3.4,1.5,0.0,25.75,195.5,2.5428571428571423,4.833333333333333,16.0,12,33.75,0.007142857142857181
2015-12-23,345.34,10.82,17.18,0.25,1.5,0.5,0.0,16.25,186.0,1.7928571428571427,4.85,16.0,12,33.75,-0.29999999999999993
2015-12-24,345.16,10.8,17.16,0.25,4.1,0.0,0.0,8.75,177.75,2.2642857142857142,4.85,4.0,12,33.75,-1.2428571428571427
2015-12-25,345.01,11.96,17.11,4.75,2.1,0.0,0.0,12.5,182.0,2.4071428571428575,4.85,0.5,12,29.75,-1.6357142857142857
2015-12-26,344.86,11.61,17.13,15.25,0.24999999999999994,14.5,14.5,27.25,184.25,2.2499999999999996,5.333333333333333,14.5,12,22.25,-1.3785714285714283
2015-12-27,344.71,11.26,17.14,3.0,-3.55,24.5,13.0,30.25,173.5,1.4142857142857144,6.15,27.5,12,21.75,-0.3142857142857142
2015-12-28,344.57,9.75,12.32,7.5,-2.3,37.0,15.5,31.75,177.0,0.7857142857142857,7.383333333333334,43.0,12,18.0,0.3571428571428572
2015-12-29,344.56,9.43,9.43,2.75,-2.05,39.5,9.0,33.75,177.75,0.007142857142857181,8.7,52.0,12,19.0,0.5785714285714286
2015-12-30,344.54,7.94,9.41,0.25,-0.6499999999999999,32.0,0.0,33.75,170.5,-0.29999999999999993,9.766666666666667,52.0,12,19.25,0.65
2015-12-31,344.49,7.2,9.41,0.25,-2.5,26.5,0.0,33.75,170.5,-1.2428571428571427,10.65,52.0,12,21.25,0.9857142857142858
2016-01-01,344.44,7.2,9.41,0.75,-0.6499999999999999,23.5,2.5,29.75,171.25,-1.6357142857142857,11.433333333333334,54.5,1,22.5,1.0214285714285716
2016-01-02,344.38,8.66,9.4,7.75,2.05,21.0,0.0,22.25,174.25,-1.3785714285714283,12.133333333333333,40.0,1,15.5,0.6214285714285713
2016-01-03,344.39,10.14,9.4,2.5,3.9000000000000004,11.5,0.0,21.75,138.75,-0.3142857142857142,11.95,27.0,1,19.5,-0.07142857142857144
2016-01-04,344.41,10.14,9.4,3.75,2.4,8.5,1.0,18.0,133.5,0.3571428571428572,11.7,12.5,1,19.25,-0.8785714285714287
2016-01-05,344.41,8.66,9.4,3.75,-0.5,18.0,11.0,19.0,136.5,0.5785714285714286,11.883333333333333,14.5,1,17.0,-1.2214285714285715
2016-01-06,344.38,7.93,9.4,0.5,-0.15000000000000002,17.0,2.0,19.25,137.0,0.65,12.116666666666667,16.5,1,19.5,-1.4642857142857142
2016-01-07,344.34,7.56,9.4,2.25,-0.15000000000000002,23.0,9.5,21.25,139.25,0.9857142857142858,12.583333333333334,26.0,1,22.0,-1.6999999999999997
2016-01-08,344.28,6.82,9.39,2.0,-0.4,22.5,5.0,22.5,141.25,1.0214285714285716,13.083333333333334,28.5,1,20.5,-2.278571428571429
2016-01-09,344.2,6.82,9.39,0.75,-0.75,24.0,3.5,15.5,141.0,0.6214285714285713,13.633333333333333,32.0,1,20.0,-2.7857142857142856
2016-01-10,344.13,6.81,9.38,6.5,-0.95,34.5,14.0,19.5,94.75,-0.07142857142857144,14.533333333333333,46.0,1,15.0,-3.0
2016-01-11,344.06,6.48,9.37,3.5,-3.25,40.5,10.5,19.25,98.25,-0.8785714285714287,15.716666666666667,55.5,1,32.5,-2.6214285714285714
2016-01-12,343.96,5.8,9.37,1.5,-2.9,40.5,1.5,17.0,99.5,-1.2214285714285715,16.916666666666668,46.0,1,55.5,-2.242857142857143
2016-01-13,343.86,5.81,9.38,3.0,-1.85,39.0,7.5,19.5,102.5,-1.4642857142857142,18.083333333333332,51.5,1,56.0,-2.092857142857143
2016-01-14,343.79,5.53,7.32,4.75,-1.7999999999999998,40.5,4.0,22.0,103.25,-1.6999999999999997,19.333333333333332,46.0,1,51.75,-1.95
2016-01-15,343.76,5.29,6.0,0.5,-4.45,37.0,1.0,20.5,94.0,-2.278571428571429,20.5,42.0,1,51.25,-1.6785714285714286
2016-01-16,343.73,4.92,5.99,0.25,-4.3,35.5,2.0,20.0,86.5,-2.7857142857142856,21.3,40.5,1,53.25,-1.45
2016-01-17,343.71,4.92,5.99,1.5,-2.45,38.5,4.5,15.0,87.0,-3.0,22.25,31.0,1,56.5,-1.592857142857143
2016-01-18,343.7,6.14,5.78,21.0,-0.6,44.0,12.5,32.5,107.5,-2.6214285714285714,23.466666666666665,33.0,1,36.5,-1.907142857142857
2016-01-19,343.71,5.99,5.28,24.5,-0.25,67.5,35.0,55.5,132.0,-2.242857142857143,25.55,66.5,1,12.5,-1.8499999999999999
2016-01-20,343.73,5.76,5.4,3.5,-0.7999999999999999,70.0,5.0,56.0,129.5,-2.092857142857143,27.75,64.0,1,17.5,-1.5785714285714285
2016-01-21,343.71,4.92,5.99,0.5,-0.8,61.0,1.5,51.75,129.25,-1.95,29.733333333333334,61.5,1,18.25,-1.3642857142857143
2016-01-22,343.68,4.92,5.99,0.0,-2.55,57.0,3.0,51.25,129.0,-1.6785714285714286,31.616666666666667,63.5,1,18.25,-1.3285714285714287
2016-01-23,343.65,4.56,5.99,2.25,-2.6999999999999997,60.5,6.5,53.25,131.0,-1.45,33.63333333333333,68.0,1,16.25,-1.192857142857143
2016-01-24,343.61,4.91,5.98,4.75,-3.45,65.0,14.0,56.5,131.0,-1.592857142857143,35.8,77.5,1,13.75,-0.9071428571428571
2016-01-25,343.59,4.91,5.98,1.0,-2.8,63.0,3.0,36.5,116.75,-1.907142857142857,37.416666666666664,68.0,1,13.75,-0.9500000000000001
2016-01-26,343.54,4.19,5.98,0.5,0.15,60.5,2.5,12.5,114.25,-1.8499999999999999,38.61666666666667,35.5,1,15.5,-1.4071428571428573
2016-01-27,343.51,4.91,5.98,8.5,1.0999999999999999,56.5,9.5,17.5,115.25,-1.5785714285714285,39.266666666666666,40.0,1,7.0,-1.8
2016-01-28,343.47,4.54,5.97,1.25,0.7000000000000001,55.0,4.0,18.25,113.75,-1.3642857142857143,39.78333333333333,42.5,1,6.25,-1.9785714285714284
2016-01-29,343.41,4.11,6.97,0.0,-2.3,49.5,1.5,18.25,113.5,-1.3285714285714287,40.36666666666667,41.0,1,7.25,-1.5571428571428572
2016-01-30,343.35,4.19,5.98,0.25,-1.75,49.5,3.5,16.25,113.5,-1.192857142857143,41.13333333333333,38.0,1,7.0,-1.5
2016-01-31,343.3,4.56,5.99,2.25,-1.4500000000000002,53.5,8.5,13.75,115.0,-0.9071428571428571,42.13333333333333,32.5,1,7.75,-1.7357142857142855
2016-02-01,343.26,3.92,4.63,1.0,-3.1,56.0,6.0,13.75,108.25,-0.9500000000000001,43.3,35.5,2,7.75,-1.407142857142857
2016-02-02,343.26,4.17,3.81,2.25,-3.05,59.0,12.0,15.5,108.0,-1.4071428571428573,44.88333333333333,45.0,2,9.25,-0.9142857142857143
2016-02-03,343.27,3.45,3.81,0.0,-1.65,58.5,4.0,7.0,104.25,-1.8,46.55,39.5,2,14.75,-0.8857142857142858
2016-02-04,343.27,4.16,3.8,0.5,-0.55,51.0,6.0,6.25,101.0,-1.9785714285714284,47.65,41.5,2,14.25,-0.9214285714285714
2016-02-05,343.26,3.45,3.81,1.0,0.65,52.0,6.0,7.25,101.5,-1.5571428571428572,48.81666666666667,46.0,2,13.25,-1.2214285714285715
2016-02-06,343.26,3.81,3.81,0.0,-1.3499999999999999,49.5,0.5,7.0,99.25,-1.5,49.7,43.0,2,13.75,-0.7428571428571429
2016-02-07,343.25,3.45,3.81,3.0,-3.0999999999999996,58.5,15.0,7.75,100.25,-1.7357142857142855,50.9,49.5,2,13.5,0.3142857142857142
2016-02-08,343.24,3.45,3.81,1.0,-0.8,59.5,2.5,7.75,100.5,-1.407142857142857,52.083333333333336,46.0,2,17.75,0.19285714285714287
2016-02-09,343.24,3.81,3.81,3.75,0.4,52.0,7.5,9.25,97.75,-0.9142857142857143,52.666666666666664,41.5,2,19.5,-0.2285714285714286
2016-02-10,343.25,4.17,3.81,5.5,-1.45,66.5,17.0,14.75,99.75,-0.8857142857142858,53.53333333333333,54.5,2,18.25,-0.32142857142857145
2016-02-11,343.25,3.45,3.81,0.0,-0.8,62.0,0.5,14.25,98.25,-0.9214285714285714,54.25,49.0,2,18.75,-0.12857142857142864
2016-02-12,343.23,3.45,3.81,0.0,-1.4500000000000002,53.5,0.5,13.25,95.25,-1.2214285714285715,54.733333333333334,43.5,2,24.5,0.36428571428571427
2016-02-13,343.17,3.76,8.05,0.5,2.0,50.0,1.5,13.75,91.0,-0.7428571428571429,55.05,44.5,2,38.0,0.5642857142857143
2016-02-14,343.18,11.68,3.82,2.75,4.3,46.5,0.5,13.5,93.25,0.3142857142857142,55.36666666666667,30.0,2,42.0,0.32142857142857145
2016-02-15,343.62,20.62,3.83,5.25,-1.65,54.0,13.5,17.75,98.25,0.19285714285714287,55.983333333333334,41.0,2,36.75,0.4714285714285714
2016-02-16,343.91,10.98,3.83,5.5,-2.55,57.0,5.5,19.5,102.25,-0.2285714285714286,56.6,39.0,2,36.0,0.7714285714285714
2016-02-17,344.08,8.54,3.83,4.25,-2.1,59.5,4.5,18.25,85.5,-0.32142857142857145,57.11666666666667,26.5,2,32.5,0.7142857142857143
2016-02-18,344.17,7.06,5.22,0.5,0.5499999999999999,58.5,1.5,18.75,61.5,-0.12857142857142864,56.81666666666667,27.5,2,32.75,0.24999999999999994
2016-02-19,344.19,7.58,6.11,5.75,2.0,52.5,1.5,24.5,63.75,0.36428571428571427,56.233333333333334,28.5,2,29.25,-0.33571428571428574
2016-02-20,344.17,8.15,12.93,14.0,3.4000000000000004,48.5,1.5,38.0,77.25,0.5642857142857143,55.81666666666667,28.5,2,21.0,-0.8642857142857142
2016-02-21,344.13,21.03,17.35,6.75,2.5999999999999996,45.5,2.0,42.0,84.0,0.32142857142857145,55.43333333333333,30.0,2,16.0,-1.1428571428571428
2016-02-22,344.15,13.67,17.35,0.0,-0.6000000000000001,43.5,6.0,36.75,81.75,0.4714285714285714,54.86666666666667,22.5,2,21.75,-0.6642857142857144
2016-02-23,344.0,10.89,17.34,4.75,-0.45000000000000007,46.5,5.5,36.0,81.75,0.7714285714285714,54.25,22.5,2,22.75,-0.9285714285714286
2016-02-24,343.79,8.75,17.33,0.75,-2.5,47.0,0.5,32.5,81.5,0.7142857142857143,53.71666666666667,18.5,2,26.25,-0.8285714285714285
2016-02-25,343.52,7.43,17.43,0.75,-2.6999999999999997,46.0,4.5,32.75,81.75,0.24999999999999994,53.233333333333334,21.5,2,38.75,-0.3714285714285714
2016-02-26,343.31,7.05,10.27,2.25,-2.1,50.5,5.5,29.25,75.5,-0.33571428571428574,53.03333333333333,25.5,2,36.5,0.0928571428571429
2016-02-27,343.3,6.37,6.01,5.75,-0.3,54.5,12.0,21.0,80.0,-0.8642857142857142,53.016666666666666,36.0,2,30.75,0.4071428571428572
2016-02-28,343.32,6.02,6.02,1.75,0.65,57.0,3.5,16.0,81.75,-1.1428571428571428,53.266666666666666,37.5,2,29.5,1.042857142857143
2016-02-29,343.32,7.09,6.02,5.75,2.75,45.0,3.0,21.75,87.25,-0.6642857142857144,53.11666666666667,34.5,2,28.75,1.4928571428571427
2016-03-01,343.34,6.01,6.01,5.75,-2.3,62.0,20.0,22.75,90.75,-0.9285714285714286,53.4,49.0,3,23.0,2.664285714285714
2016-03-02,343.34,5.64,6.0,4.25,-1.8,64.0,5.0,26.25,94.0,-0.8285714285714285,53.666666666666664,53.5,3,18.75,3.235714285714286
2016-03-03,343.34,6.36,6.0,13.25,0.5,70.5,15.0,38.75,105.0,-0.3714285714285714,54.05,64.0,3,5.75,3.2214285714285715
2016-03-04,343.33,5.28,5.99,0.0,1.1500000000000001,57.0,0.0,36.5,105.0,0.0928571428571429,54.0,58.5,3,6.0,3.014285714285714
2016-03-05,343.31,5.28,5.99,0.0,1.9,51.0,0.0,30.75,104.5,0.4071428571428572,54.0,46.5,3,6.5,2.707142857142857
2016-03-06,343.3,6.34,5.98,0.5,5.1,47.0,0.0,29.5,104.0,1.042857142857143,53.833333333333336,43.0,3,6.0,2.107142857142857
2016-03-07,343.4,15.98,5.98,5.0,5.9,44.0,0.0,28.75,109.0,1.4928571428571427,53.65,40.0,3,1.0,1.8785714285714286
2016-03-08,343.83,27.59,10.8,0.0,5.8999999999999995,42.0,0.5,23.0,106.0,2.664285714285714,53.1,20.5,3,1.0,1.4785714285714284
2016-03-09,344.19,24.41,17.43,0.0,2.2,41.0,0.0,18.75,105.0,3.235714285714286,52.483333333333334,15.5,3,1.0,1.9714285714285713
2016-03-10,344.23,15.22,17.43,0.25,0.4,40.0,0.5,5.75,101.5,3.2214285714285715,52.083333333333336,1.0,3,0.75,2.9785714285714286
2016-03-11,344.12,11.93,17.41,0.25,-0.29999999999999993,42.0,5.0,6.0,96.25,3.014285714285714,51.266666666666666,6.0,3,0.5,4.114285714285715
2016-03-12,343.93,9.89,17.39,0.5,-0.25,42.5,4.0,6.5,96.75,2.707142857142857,50.61666666666667,10.0,3,4.5,5.207142857142857
2016-03-13,343.71,8.79,17.37,0.0,0.9,38.5,0.0,6.0,96.75,2.107142857142857,50.11666666666667,10.0,3,4.75,5.785714285714286
2016-03-14,343.45,8.08,17.37,0.0,4.3,38.0,0.5,1.0,96.25,1.8785714285714286,49.71666666666667,10.5,3,5.0,5.514285714285714
2016-03-15,343.25,8.05,11.98,0.0,3.1,35.5,1.5,1.0,93.5,1.4785714285714284,49.35,11.5,3,14.5,5.614285714285714
2016-03-16,343.21,8.41,8.77,0.0,5.65,34.5,0.5,1.0,88.25,1.9714285714285713,48.7,12.0,3,14.5,5.264285714285714
2016-03-17,343.25,11.39,6.75,0.0,7.45,32.0,0.0,0.75,82.75,2.9785714285714286,47.86666666666667,11.5,3,14.5,4.464285714285714
2016-03-18,343.42,15.01,8.58,0.0,7.65,29.0,0.5,0.5,78.5,4.114285714285715,46.85,7.0,3,15.5,3.6000000000000005
2016-03-19,343.7,26.89,12.6,4.5,7.4,26.0,0.0,4.5,82.5,5.207142857142857,45.766666666666666,3.0,3,11.25,2.957142857142857
2016-03-20,344.14,29.34,17.36,0.25,4.95,24.0,0.0,4.75,77.0,5.785714285714286,44.81666666666667,3.0,3,11.0,2.742857142857143
2016-03-21,344.29,19.2,17.36,0.25,2.4,22.0,1.0,5.0,63.25,5.514285714285714,43.93333333333333,3.5,3,10.75,3.1142857142857143
2016-03-22,344.28,16.62,17.36,9.5,3.8,22.5,3.0,14.5,66.0,5.614285714285714,43.166666666666664,5.0,3,1.25,3.4571428571428577
2016-03-23,344.25,14.78,17.35,0.0,3.2,20.5,0.0,14.5,66.0,5.264285714285714,42.4,4.5,3,5.75,3.971428571428572
2016-03-24,344.14,12.56,17.34,0.0,1.85,19.5,1.0,14.5,61.25,4.464285714285714,41.5,5.5,3,9.75,4.614285714285714
2016-03-25,343.99,10.88,17.32,1.0,1.5999999999999999,19.0,3.5,15.5,61.5,3.6000000000000005,40.56666666666667,8.5,3,8.75,5.321428571428571
2016-03-26,343.79,9.81,17.31,0.25,2.9000000000000004,19.0,1.0,11.25,61.0,2.957142857142857,39.666666666666664,9.5,3,8.5,5.792857142857144
2016-03-27,343.58,9.48,17.34,0.0,3.45,16.5,0.0,11.0,58.75,2.742857142857143,38.53333333333333,9.5,3,13.75,6.571428571428571
2016-03-28,343.4,10.61,13.11,0.0,5.0,14.5,0.0,10.75,53.0,3.1142857142857143,37.2,8.5,3,42.0,6.692857142857143
2016-03-29,343.44,14.14,10.57,0.0,6.2,11.5,0.0,1.25,51.25,3.4571428571428577,35.68333333333333,5.5,3,42.25,6.735714285714287
2016-03-30,343.5,19.15,17.01,4.5,6.800000000000001,9.0,0.0,5.75,50.0,3.971428571428572,34.483333333333334,5.5,3,38.0,6.8428571428571425
2016-03-31,343.68,25.95,17.37,4.0,6.35,6.5,0.0,9.75,48.25,4.614285714285714,32.63333333333333,4.5,3,65.5,6.828571428571428
2016-04-01,343.89,24.18,17.39,0.0,6.550000000000001,4.0,0.0,8.75,44.0,5.321428571428571,30.633333333333333,1.0,4,69.25,7.271428571428571
2016-04-02,344.08,22.07,17.37,0.0,6.2,1.0,0.0,8.5,30.75,5.792857142857144,28.316666666666666,0.0,4,69.25,7.785714285714286
2016-04-03,344.18,24.72,17.37,5.25,8.9,0.0,0.0,13.75,36.0,6.571428571428571,26.416666666666668,0.0,4,64.0,7.571428571428571
2016-04-04,344.86,54.79,12.62,28.25,5.85,0.0,0.0,42.0,64.25,6.692857142857143,24.716666666666665,0.0,4,38.75,7.0857142857142845
2016-04-05,345.82,42.12,16.6,0.25,6.5,0.0,0.0,42.25,64.0,6.735714285714287,23.15,0.0,4,38.5,6.892857142857143
2016-04-06,346.33,36.39,21.29,0.25,7.55,0.0,0.0,38.0,59.25,6.8428571428571425,21.683333333333334,0.0,4,39.0,7.0928571428571425
2016-04-07,346.83,70.45,25.95,31.5,6.25,0.0,0.0,65.5,90.75,6.828571428571428,20.283333333333335,0.0,4,12.25,8.12142857142857
2016-04-08,348.26,80.91,44.44,3.75,9.649999999999999,0.0,0.0,69.25,94.5,7.271428571428571,18.916666666666668,0.0,4,13.75,7.735714285714286
2016-04-09,348.63,57.73,50.36,0.0,9.8,0.0,0.0,69.25,94.25,7.785714285714286,17.583333333333332,0.0,4,13.75,7.678571428571428
2016-04-10,348.67,45.51,51.25,0.0,7.4,0.0,0.0,64.0,94.0,7.571428571428571,16.183333333333334,0.0,4,27.0,8.2
2016-04-11,348.45,34.47,47.58,3.0,2.45,0.0,0.0,38.75,96.5,7.0857142857142845,14.766666666666667,0.0,4,24.0,9.557142857142859
2016-04-12,348.05,24.94,41.54,0.0,5.15,0.0,0.0,38.5,96.5,6.892857142857143,13.483333333333333,0.0,4,24.0,10.178571428571429
2016-04-13,347.66,21.54,35.94,0.75,8.95,0.0,0.0,39.0,97.25,7.0928571428571425,12.216666666666667,0.0,4,23.5,10.299999999999999
2016-04-14,347.48,37.09,33.49,4.75,13.45,0.0,0.0,12.25,102.0,8.12142857142857,11.033333333333333,0.0,4,19.25,10.178571428571429
2016-04-15,347.74,45.4,37.0,5.25,6.949999999999999,0.0,0.0,13.75,107.25,7.735714285714286,9.883333333333333,0.0,4,17.5,11.171428571428573
2016-04-16,347.72,30.33,36.73,0.0,9.399999999999999,0.0,0.0,13.75,107.25,7.678571428571428,8.816666666666666,0.0,4,17.5,11.735714285714286
2016-04-17,347.63,41.77,35.37,13.25,11.05,0.0,0.0,27.0,120.5,8.2,7.85,0.0,4,4.25,11.892857142857142
2016-04-18,347.98,50.74,40.34,0.0,11.95,0.0,0.0,24.0,116.0,9.557142857142859,6.983333333333333,0.0,4,4.25,11.771428571428572
2016-04-19,348.03,38.43,41.23,0.0,9.5,0.0,0.0,24.0,115.75,10.178571428571429,6.183333333333334,0.0,4,4.25,12.200000000000001
2016-04-20,347.93,31.81,35.81,0.25,9.8,0.0,0.0,23.5,115.75,10.299999999999999,5.45,0.0,4,4.0,12.342857142857143
2016-04-21,347.78,31.23,37.63,0.5,12.600000000000001,0.0,0.0,19.25,106.75,10.178571428571429,4.7,0.0,4,25.75,11.85
2016-04-22,347.73,38.41,37.21,3.5,13.9,0.0,0.0,17.5,110.25,11.171428571428573,4.016666666666667,0.0,4,33.5,10.864285714285716
2016-04-23,347.78,43.61,38.01,0.0,13.350000000000001,0.0,0.0,17.5,110.25,11.735714285714286,3.3666666666666667,0.0,4,34.75,10.135714285714286
2016-04-24,347.92,41.57,39.97,0.0,12.149999999999999,0.0,0.0,4.25,109.25,11.892857142857142,2.7333333333333334,0.0,4,49.0,9.414285714285715
2016-04-25,347.86,34.01,39.21,0.0,11.100000000000001,0.0,0.0,4.25,109.0,11.771428571428572,2.1,0.0,4,49.0,9.200000000000001
2016-04-26,347.73,32.91,37.31,0.0,12.5,0.0,0.0,4.25,109.0,12.200000000000001,1.55,0.0,4,49.0,9.578571428571427
2016-04-27,347.62,30.96,36.16,0.0,10.8,0.0,0.0,4.0,109.0,12.342857142857143,1.0666666666666667,0.0,4,61.0,10.15
2016-04-28,347.58,45.41,35.81,22.25,9.15,0.0,0.0,25.75,131.25,11.85,0.6833333333333333,0.0,4,40.5,10.742857142857144
2016-04-29,348.05,55.58,42.31,11.25,7.0,0.0,0.0,33.5,138.0,10.864285714285716,0.38333333333333336,0.0,4,29.25,11.978571428571428
2016-04-30,348.08,36.81,42.88,1.25,8.25,0.0,0.0,34.75,135.25,10.135714285714286,0.16666666666666666,0.0,4,32.5,12.728571428571428
2016-05-01,347.92,36.12,40.52,14.25,7.1,0.0,0.0,49.0,149.5,9.414285714285715,0.03333333333333333,0.0,5,18.25,13.664285714285715
2016-05-02,347.79,32.53,38.93,0.0,9.6,0.0,0.0,49.0,149.5,9.200000000000001,0.0,0.0,5,18.25,14.235714285714286
2016-05-03,347.7,40.9,37.7,0.0,15.15,0.0,0.0,49.0,144.25,9.578571428571427,0.0,0.0,5,30.25,14.035714285714286
2016-05-04,348.01,57.49,42.18,12.0,14.8,0.0,0.0,61.0,128.0,10.15,0.0,0.0,5,37.0,13.8
2016-05-05,348.12,40.24,43.93,1.75,13.3,0.0,0.0,40.5,129.5,10.742857142857144,0.0,0.0,5,37.75,13.542857142857143
2016-05-06,347.98,34.59,41.81,0.0,15.649999999999999,0.0,0.0,29.25,129.25,11.978571428571428,0.0,0.0,5,37.75,13.514285714285714
2016-05-07,347.83,35.3,39.7,4.5,13.5,0.0,0.0,32.5,102.25,12.728571428571428,0.0,0.0,5,33.25,14.028571428571428
2016-05-08,347.71,32.78,37.98,0.0,13.65,0.0,0.0,18.25,98.5,13.664285714285715,0.0,0.0,5,33.25,14.171428571428569
2016-05-09,347.55,28.19,35.79,0.0,13.6,0.0,0.0,18.25,98.5,14.235714285714286,0.0,0.0,5,33.25,14.37142857142857
2016-05-10,347.42,36.06,34.06,12.0,13.75,0.0,0.0,30.25,110.5,14.035714285714286,0.0,0.0,5,30.0,14.37142857142857
2016-05-11,347.8,56.35,39.14,18.75,13.149999999999999,0.0,0.0,37.0,126.25,13.8,0.0,0.0,5,11.25,14.757142857142856
2016-05-12,348.01,44.29,42.29,2.5,11.5,0.0,0.0,37.75,128.75,13.542857142857143,0.0,0.0,5,8.75,15.414285714285715
2016-05-13,347.9,33.49,40.69,0.0,15.45,0.0,0.0,37.75,128.0,13.514285714285714,0.0,0.0,5,8.75,15.535714285714286
2016-05-14,347.71,29.09,37.89,0.0,17.1,0.0,0.0,33.25,123.25,14.028571428571428,0.0,0.0,5,8.75,15.557142857142859
2016-05-15,347.47,24.69,34.69,0.0,14.649999999999999,0.0,0.0,33.25,118.0,14.171428571428569,0.0,0.0,5,8.75,16.3
2016-05-16,347.23,22.87,31.67,0.0,15.0,0.0,0.0,33.25,118.0,14.37142857142857,0.0,0.0,5,8.75,16.84285714285714
2016-05-17,347.05,22.92,29.59,8.75,13.75,0.0,0.0,30.0,113.5,14.37142857142857,0.0,0.0,5,0.0,17.557142857142857
2016-05-18,346.84,18.79,27.31,0.0,15.850000000000001,0.0,0.0,11.25,113.5,14.757142857142856,0.0,0.0,5,1.25,17.87857142857143
2016-05-19,346.63,16.74,25.26,0.0,16.1,0.0,0.0,8.75,113.5,15.414285714285715,0.0,0.0,5,11.75,18.292857142857144
2016-05-20,346.41,14.93,23.83,0.0,16.299999999999997,0.0,0.0,8.75,113.25,15.535714285714286,0.0,0.0,5,30.25,18.435714285714287
2016-05-21,346.16,13.59,23.25,0.0,17.25,0.0,0.0,8.75,112.75,15.557142857142859,0.0,0.0,5,30.25,18.47142857142857
2016-05-22,345.93,14.05,21.66,0.0,19.85,0.0,0.0,8.75,109.25,16.3,0.0,0.0,5,30.25,18.2
2016-05-23,345.72,12.46,22.43,0.0,18.8,0.0,0.0,8.75,109.25,16.84285714285714,0.0,0.0,5,30.25,18.264285714285716
2016-05-24,345.43,11.93,23.15,0.0,18.75,0.0,0.0,0.0,109.25,17.557142857142857,0.0,0.0,5,39.0,18.164285714285715
2016-05-25,345.13,11.58,23.12,1.25,18.1,0.0,0.0,1.25,110.5,17.87857142857143,0.0,0.0,5,53.75,17.357142857142858
2016-05-26,344.81,11.31,23.08,10.5,19.0,0.0,0.0,11.75,121.0,18.292857142857144,0.0,0.0,5,45.25,16.414285714285715
2016-05-27,344.64,18.27,23.05,18.5,17.3,0.0,0.0,30.25,139.5,18.435714285714287,0.0,0.0,5,26.75,15.935714285714285
2016-05-28,344.36,10.89,23.02,0.0,17.5,0.0,0.0,30.25,117.25,18.47142857142857,0.0,0.0,5,26.75,15.921428571428569
2016-05-29,344.01,10.0,23.0,0.0,17.95,0.0,0.0,30.25,106.0,18.2,0.0,0.0,5,26.75,15.928571428571429
2016-05-30,343.64,9.73,22.95,0.0,19.25,0.0,0.0,30.25,104.75,18.264285714285716,0.0,0.0,5,26.75,15.635714285714284
2016-05-31,343.26,9.09,23.02,8.75,18.05,0.0,0.0,39.0,99.25,18.164285714285715,0.0,0.0,5,18.0,15.535714285714286
2016-06-01,342.94,11.97,18.99,16.0,12.45,0.0,0.0,53.75,115.25,17.357142857142858,0.0,0.0,6,2.0,16.5
2016-06-02,342.87,15.16,16.56,2.0,12.399999999999999,0.0,0.0,45.25,117.25,16.414285714285715,0.0,0.0,6,15.5,17.442857142857143
2016-06-03,342.75,10.98,17.96,0.0,13.95,0.0,0.0,26.75,105.25,15.935714285714285,0.0,0.0,6,15.5,18.22142857142857
2016-06-04,342.49,9.97,20.08,0.0,17.4,0.0,0.0,26.75,103.5,15.921428571428569,0.0,0.0,6,15.5,18.63571428571429
2016-06-05,342.19,9.31,20.1,0.0,18.0,0.0,0.0,26.75,103.5,15.928571428571429,0.0,0.0,6,15.5,19.08571428571429
2016-06-06,341.86,8.38,20.01,0.0,17.200000000000003,0.0,0.0,26.75,99.0,15.635714285714284,0.0,0.0,6,25.5,19.214285714285715
2016-06-07,341.51,7.44,20.1,0.0,17.35,0.0,0.0,18.0,99.0,15.535714285714286,0.0,0.0,6,25.5,19.400000000000002
2016-06-08,341.13,7.17,20.09,0.0,19.2,0.0,0.0,2.0,99.0,16.5,0.0,0.0,6,27.25,19.16428571428571
2016-06-09,340.76,7.39,19.79,15.5,19.0,0.0,0.0,15.5,102.5,17.442857142857143,0.0,0.0,6,54.25,19.05
2016-06-10,340.39,7.48,19.88,0.0,19.4,0.0,0.0,15.5,83.75,18.22142857142857,0.0,0.0,6,64.25,19.12142857142857
2016-06-11,339.99,6.2,20.09,0.0,20.3,0.0,0.0,15.5,81.25,18.63571428571429,0.0,0.0,6,66.25,18.928571428571427
2016-06-12,339.57,6.16,19.96,0.0,21.15,0.0,0.0,15.5,81.25,19.08571428571429,0.0,0.0,6,66.25,18.685714285714287
2016-06-13,339.23,10.78,17.68,10.0,18.1,0.0,0.0,25.5,91.25,19.214285714285715,0.0,0.0,6,69.25,18.957142857142856
2016-06-14,339.05,8.72,16.18,0.0,18.65,0.0,0.0,25.5,91.25,19.400000000000002,0.0,0.0,6,70.75,19.157142857142855
2016-06-15,338.78,7.1,16.11,1.75,17.549999999999997,0.0,0.0,27.25,93.0,19.16428571428571,0.0,0.0,6,69.0,19.564285714285713
2016-06-16,338.89,31.8,15.98,42.5,18.2,0.0,0.0,54.25,126.75,19.05,0.0,0.0,6,52.75,19.364285714285717
2016-06-17,339.46,32.61,15.53,10.0,19.9,0.0,0.0,64.25,136.75,19.12142857142857,0.0,0.0,6,45.5,19.185714285714287
2016-06-18,339.72,18.98,16.02,2.0,18.95,0.0,0.0,66.25,138.75,18.928571428571427,0.0,0.0,6,52.25,19.5
2016-06-19,339.72,13.83,16.13,0.0,19.450000000000003,0.0,0.0,66.25,138.75,18.685714285714287,0.0,0.0,6,57.0,19.042857142857144
2016-06-20,339.69,16.19,16.19,13.0,20.0,0.0,0.0,69.25,151.75,18.957142857142856,0.0,0.0,6,44.0,18.771428571428572
2016-06-21,339.62,12.26,16.2,1.5,20.05,0.0,0.0,70.75,153.25,19.157142857142855,0.0,0.0,6,43.0,18.521428571428572
2016-06-22,339.47,10.64,16.23,0.0,20.4,0.0,0.0,69.0,153.25,19.564285714285713,0.0,0.0,6,43.0,18.592857142857138
2016-06-23,339.33,14.58,16.22,26.25,16.8,0.0,0.0,52.75,179.5,19.364285714285717,0.0,0.0,6,16.75,18.964285714285715
2016-06-24,339.32,14.74,16.05,2.75,18.65,0.0,0.0,45.5,181.0,19.185714285714287,0.0,0.0,6,14.0,19.507142857142856
2016-06-25,339.46,23.89,15.68,8.75,21.15,0.0,0.0,52.25,179.25,19.5,0.0,0.0,6,14.5,19.599999999999998
2016-06-26,339.57,17.33,15.69,4.75,16.25,0.0,0.0,57.0,165.5,19.042857142857144,0.0,0.0,6,10.25,20.349999999999998
2016-06-27,339.58,14.35,15.99,0.0,18.1,0.0,0.0,44.0,165.5,18.771428571428572,0.0,0.0,6,10.25,20.814285714285717
2016-06-28,339.5,12.91,16.2,0.5,18.299999999999997,0.0,0.0,43.0,166.0,18.521428571428572,0.0,0.0,6,9.75,20.857142857142858
2016-06-29,339.38,11.6,16.2,0.0,20.9,0.0,0.0,43.0,166.0,18.592857142857138,0.0,0.0,6,72.5,20.414285714285715
2016-06-30,339.22,10.27,16.18,0.0,19.4,0.0,0.0,16.75,157.25,18.964285714285715,0.0,0.0,6,75.5,20.25
2016-07-01,339.02,9.37,16.17,0.0,22.450000000000003,0.0,0.0,14.0,141.25,19.507142857142856,0.0,0.0,7,75.75,19.964285714285715
2016-07-02,338.79,9.08,16.16,9.25,21.8,0.0,0.0,14.5,148.5,19.599999999999998,0.0,0.0,7,75.25,19.82857142857143
2016-07-03,338.59,9.07,16.15,0.5,21.5,0.0,0.0,10.25,149.0,20.349999999999998,0.0,0.0,7,76.0,19.8
2016-07-04,338.34,7.45,16.14,0.0,21.35,0.0,0.0,10.25,149.0,20.814285714285717,0.0,0.0,7,76.0,19.857142857142858
2016-07-05,338.06,7.0,16.22,0.0,18.6,0.0,0.0,9.75,149.0,20.857142857142858,0.0,0.0,7,76.0,20.214285714285715
2016-07-06,338.19,48.92,19.74,62.75,17.8,0.0,0.0,72.5,211.75,20.414285714285715,0.0,0.0,7,13.25,20.892857142857142
2016-07-07,338.98,28.48,22.04,3.0,18.25,0.0,0.0,75.5,214.75,20.25,0.0,0.0,7,32.75,21.321428571428573
2016-07-08,339.0,19.09,21.99,0.25,20.450000000000003,0.0,0.0,75.75,215.0,19.964285714285715,0.0,0.0,7,36.75,21.550000000000004
2016-07-09,338.86,16.93,22.08,8.75,20.85,0.0,0.0,75.25,208.25,19.82857142857143,0.0,0.0,7,28.0,21.61428571428571
2016-07-10,338.67,15.0,22.08,1.25,21.3,0.0,0.0,76.0,209.5,19.8,0.0,0.0,7,35.25,21.58571428571429
2016-07-11,338.42,12.72,22.05,0.0,21.75,0.0,0.0,76.0,209.5,19.857142857142858,0.0,0.0,7,35.25,21.671428571428574
2016-07-12,338.08,10.47,22.25,0.0,21.1,0.0,0.0,76.0,209.5,20.214285714285715,0.0,0.0,7,36.0,21.714285714285715
2016-07-13,337.69,9.56,22.15,0.0,22.549999999999997,0.0,0.0,13.25,199.5,20.892857142857142,0.0,0.0,7,36.5,21.564285714285713
2016-07-14,337.33,12.12,21.87,22.5,21.25,0.0,0.0,32.75,222.0,21.321428571428573,0.0,0.0,7,14.0,21.47142857142857
2016-07-15,337.03,10.1,16.34,4.25,22.049999999999997,0.0,0.0,36.75,224.5,21.550000000000004,0.0,0.0,7,9.75,21.27857142857143
2016-07-16,337.09,8.32,2.08,0.0,21.3,0.0,0.0,28.0,182.0,21.61428571428571,0.0,0.0,7,9.75,21.171428571428574
2016-07-17,337.3,9.39,3.41,8.5,21.1,0.0,0.0,35.25,180.5,21.58571428571429,0.0,0.0,7,1.25,21.214285714285715
2016-07-18,337.22,8.62,19.91,0.0,22.35,0.0,0.0,35.25,178.5,21.671428571428574,0.0,0.0,7,1.25,21.271428571428572
2016-07-19,336.79,8.43,21.97,0.75,21.4,0.0,0.0,36.0,179.25,21.714285714285715,0.0,0.0,7,0.5,21.55
2016-07-20,336.34,8.05,22.21,0.5,21.5,0.0,0.0,36.5,166.75,21.564285714285713,0.0,0.0,7,0.5,21.735714285714288
2016-07-21,335.87,7.57,22.38,0.0,20.6,0.0,0.0,14.0,165.25,21.47142857142857,0.0,0.0,7,8.0,22.185714285714287
2016-07-22,335.4,7.1,16.45,0.0,20.7,0.0,0.0,9.75,165.25,21.27857142857143,0.0,0.0,7,8.5,22.835714285714285
2016-07-23,335.39,6.0,2.08,0.0,20.55,0.0,0.0,9.75,139.0,21.171428571428574,0.0,0.0,7,8.75,23.47142857142857
2016-07-24,335.51,5.81,3.4,0.0,21.4,0.0,0.0,1.25,136.25,21.214285714285715,0.0,0.0,7,8.75,24.142857142857142
2016-07-25,335.32,5.85,20.01,0.0,22.75,0.0,0.0,1.25,127.5,21.271428571428572,0.0,0.0,7,10.5,24.664285714285715
2016-07-26,334.78,6.33,22.26,0.0,23.35,0.0,0.0,0.5,122.75,21.55,0.0,0.0,7,29.75,24.778571428571432
2016-07-27,334.25,7.46,22.18,0.5,22.8,0.0,0.0,0.5,123.25,21.735714285714288,0.0,0.0,7,36.75,25.021428571428572
2016-07-28,333.79,8.91,21.89,7.5,23.75,0.0,0.0,8.0,130.25,22.185714285714287,0.0,0.0,7,29.25,25.235714285714288
2016-07-29,333.31,6.79,21.78,0.5,25.25,0.0,0.0,8.5,130.75,22.835714285714285,0.0,0.0,7,28.75,25.24285714285714
2016-07-30,332.76,6.51,22.04,0.25,25.0,0.0,0.0,8.75,131.0,23.47142857142857,0.0,0.0,7,28.5,25.364285714285717
2016-07-31,332.21,6.25,21.99,0.0,26.1,0.0,0.0,8.75,131.0,24.142857142857142,0.0,0.0,7,28.5,25.442857142857143
2016-08-01,331.64,6.14,21.91,1.75,26.4,0.0,0.0,10.5,123.5,24.664285714285715,0.0,0.0,8,27.0,25.37857142857143
2016-08-02,331.1,9.42,21.51,19.25,24.15,0.0,0.0,29.75,142.25,24.778571428571432,0.0,0.0,8,17.5,25.42142857142857
2016-08-03,330.79,15.29,21.52,7.5,24.5,0.0,0.0,36.75,149.75,25.021428571428572,0.0,0.0,8,10.0,25.17142857142857
2016-08-04,330.5,10.37,21.75,0.0,25.25,0.0,0.0,29.25,149.75,25.235714285714288,0.0,0.0,8,10.0,24.735714285714284
2016-08-05,330.02,8.01,21.63,0.0,25.3,0.0,0.0,28.75,87.0,25.24285714285714,0.0,0.0,8,10.0,24.442857142857143
2016-08-06,329.49,7.28,21.56,0.0,25.85,0.0,0.0,28.5,84.0,25.364285714285717,0.0,0.0,8,10.0,23.964285714285715
2016-08-07,328.94,6.9,21.45,0.0,26.65,0.0,0.0,28.5,83.75,25.442857142857143,0.0,0.0,8,10.0,23.292857142857144
2016-08-08,328.37,6.68,21.39,0.25,25.95,0.0,0.0,27.0,75.25,25.37857142857143,0.0,0.0,8,24.25,22.699999999999996
2016-08-09,327.8,6.72,21.38,9.75,24.45,0.0,0.0,17.5,83.75,25.42142857142857,0.0,0.0,8,16.0,22.835714285714285
2016-08-10,327.2,5.5,21.29,0.0,22.75,0.0,0.0,10.0,83.75,25.17142857142857,0.0,0.0,8,84.25,22.87142857142857
2016-08-11,326.56,5.46,21.21,0.0,22.2,0.0,0.0,10.0,83.75,24.735714285714284,0.0,0.0,8,87.25,23.107142857142858
2016-08-12,325.9,4.67,21.12,0.0,23.25,0.0,0.0,10.0,83.75,24.442857142857143,0.0,0.0,8,88.75,23.514285714285716
2016-08-13,325.21,4.42,20.9,0.0,22.5,0.0,0.0,10.0,61.25,23.964285714285715,0.0,0.0,8,89.75,23.97857142857143
2016-08-14,324.51,4.23,20.91,0.0,21.95,0.0,0.0,10.0,57.0,23.292857142857144,0.0,0.0,8,89.75,24.642857142857142
2016-08-15,323.8,4.85,20.92,14.5,21.799999999999997,0.0,0.0,24.25,71.5,22.699999999999996,0.0,0.0,8,124.0,25.192857142857147
2016-08-16,323.1,4.81,20.62,1.5,25.4,0.0,0.0,16.0,64.5,22.835714285714285,0.0,0.0,8,152.0,24.99285714285714
2016-08-17,323.26,46.85,19.83,68.25,23.0,0.0,0.0,84.25,132.75,22.87142857142857,0.0,0.0,8,83.75,25.164285714285715
2016-08-18,324.02,18.14,15.85,3.0,23.85,0.0,0.0,87.25,135.0,23.107142857142858,0.0,0.0,8,81.25,25.25714285714286
2016-08-19,324.04,12.13,13.5,1.5,26.1,0.0,0.0,88.75,136.0,23.514285714285716,0.0,0.0,8,100.0,24.821428571428573
2016-08-20,324.1,23.53,13.47,1.0,25.75,0.0,0.0,89.75,137.0,23.97857142857143,0.0,0.0,8,104.25,23.949999999999996
2016-08-21,324.59,18.84,13.44,0.0,26.6,0.0,0.0,89.75,137.0,24.642857142857142,0.0,0.0,8,104.25,23.192857142857143
2016-08-22,324.79,48.13,12.99,48.75,25.65,0.0,0.0,124.0,185.75,25.192857142857147,0.0,0.0,8,56.25,23.03571428571428
2016-08-23,329.98,143.24,12.75,29.5,24.0,0.0,0.0,152.0,215.25,24.99285714285714,0.0,0.0,8,67.0,22.95714285714286
2016-08-24,331.56,30.69,13.26,0.0,24.2,0.0,0.0,83.75,215.25,25.164285714285715,0.0,0.0,8,67.0,22.77142857142857
2016-08-25,331.94,19.7,13.06,0.5,24.5,0.0,0.0,81.25,215.75,25.25714285714286,0.0,0.0,8,67.0,22.678571428571427
2016-08-26,332.11,16.53,12.59,20.25,23.05,0.0,0.0,100.0,235.5,24.821428571428573,0.0,0.0,8,46.75,22.814285714285713
2016-08-27,332.23,14.82,12.56,5.25,19.65,0.0,0.0,104.25,233.25,23.949999999999996,0.0,0.0,8,41.5,23.457142857142856
2016-08-28,332.26,12.25,12.53,0.0,21.299999999999997,0.0,0.0,104.25,232.75,23.192857142857143,0.0,0.0,8,41.5,23.87142857142857
2016-08-29,332.28,14.65,12.39,0.75,24.55,0.0,0.0,56.25,233.25,23.03571428571428,0.0,0.0,8,40.75,23.907142857142862
2016-08-30,332.98,67.17,12.11,40.25,23.45,0.0,0.0,67.0,273.5,22.95714285714286,0.0,0.0,8,5.75,24.05
2016-08-31,334.88,41.82,12.8,0.0,22.9,0.0,0.0,67.0,271.75,22.77142857142857,0.0,0.0,8,5.75,23.9
2016-09-01,335.4,21.79,13.35,0.5,23.85,0.0,0.0,67.0,253.0,22.678571428571427,0.0,0.0,9,40.0,23.407142857142855
2016-09-02,335.55,16.18,14.67,0.0,24.0,0.0,0.0,46.75,245.5,22.814285714285713,0.0,0.0,9,45.5,23.0
2016-09-03,335.54,13.45,14.66,0.0,24.15,0.0,0.0,41.5,245.5,23.457142857142856,0.0,0.0,9,48.25,22.485714285714288
2016-09-04,335.47,11.63,14.65,0.0,24.200000000000003,0.0,0.0,41.5,245.5,23.87142857142857,0.0,0.0,9,48.25,21.907142857142855
2016-09-05,335.36,10.19,13.51,0.0,24.799999999999997,0.0,0.0,40.75,245.5,23.907142857142862,0.0,0.0,9,50.75,21.121428571428574
2016-09-06,335.23,8.96,13.48,5.25,24.45,0.0,0.0,5.75,250.75,24.05,0.0,0.0,9,57.25,20.328571428571426
2016-09-07,335.08,8.68,13.46,0.0,21.85,0.0,0.0,5.75,250.5,23.9,0.0,0.0,9,57.5,20.228571428571428
2016-09-08,334.94,18.41,13.03,34.75,20.4,0.0,0.0,40.0,275.5,23.407142857142855,0.0,0.0,9,24.0,20.4
2016-09-09,335.93,41.57,9.81,5.5,21.15,0.0,0.0,45.5,281.0,23.0,0.0,0.0,9,18.5,20.32857142857143
2016-09-10,336.41,16.56,7.02,2.75,20.55,0.0,0.0,48.25,283.75,22.485714285714288,0.0,0.0,9,16.0,20.307142857142853
2016-09-11,336.64,12.32,6.16,0.0,20.15,0.0,0.0,48.25,283.75,21.907142857142855,0.0,0.0,9,16.75,20.05
2016-09-12,336.86,10.96,3.88,2.5,19.3,0.0,0.0,50.75,286.25,21.121428571428574,0.0,0.0,9,14.25,19.914285714285715
2016-09-13,337.31,25.75,3.79,11.75,18.9,0.0,0.0,57.25,298.0,20.328571428571426,0.0,0.0,9,2.75,19.535714285714285
2016-09-14,337.97,20.88,3.79,0.25,21.15,0.0,0.0,57.5,283.75,20.228571428571428,0.0,0.0,9,2.5,18.892857142857142
2016-09-15,338.42,15.7,3.79,1.25,21.6,0.0,0.0,24.0,283.5,20.4,0.0,0.0,9,12.75,18.257142857142856
2016-09-16,338.73,12.47,3.78,0.0,20.65,0.0,0.0,18.5,215.25,20.32857142857143,0.0,0.0,9,19.5,17.914285714285715
2016-09-17,338.98,11.18,3.77,0.25,20.4,0.0,0.0,16.0,212.5,20.307142857142853,0.0,0.0,9,19.25,17.757142857142856
2016-09-18,339.2,11.0,3.77,0.75,18.35,0.0,0.0,16.75,211.75,20.05,0.0,0.0,9,18.5,18.164285714285715
2016-09-19,339.4,9.68,3.77,0.0,18.35,0.0,0.0,14.25,210.75,19.914285714285715,0.0,0.0,9,18.5,18.54285714285714
2016-09-20,339.56,8.7,3.77,0.25,16.25,0.0,0.0,2.75,211.0,19.535714285714285,0.0,0.0,9,48.5,19.099999999999998
2016-09-21,339.7,8.03,3.76,0.0,16.65,0.0,0.0,2.5,162.25,18.892857142857142,0.0,0.0,9,48.75,19.807142857142857
2016-09-22,339.74,9.01,12.3,11.5,17.15,0.0,0.0,12.75,144.25,18.257142857142856,0.0,0.0,9,47.0,19.807142857142853
2016-09-23,339.63,13.8,17.09,6.75,18.25,0.0,0.0,19.5,151.0,17.914285714285715,0.0,0.0,9,40.25,19.342857142857138
2016-09-24,339.44,9.51,17.07,0.0,19.299999999999997,0.0,0.0,19.25,150.5,17.757142857142856,0.0,0.0,9,40.25,18.978571428571428
2016-09-25,339.23,8.71,12.32,0.0,21.2,0.0,0.0,18.5,130.25,18.164285714285715,0.0,0.0,9,40.25,18.407142857142855
2016-09-26,339.28,7.67,3.73,0.0,21.0,0.0,0.0,18.5,125.0,18.54285714285714,0.0,0.0,9,63.5,17.892857142857142
2016-09-27,339.4,7.68,3.74,30.25,20.15,0.0,0.0,48.5,155.25,19.099999999999998,0.0,0.0,9,37.0,17.65
2016-09-28,339.52,7.41,3.8,0.25,21.6,0.0,0.0,48.75,154.75,19.807142857142857,0.0,0.0,9,49.0,16.7
2016-09-29,339.65,8.77,3.84,9.75,17.15,0.0,0.0,47.0,124.25,19.807142857142853,0.0,0.0,9,45.0,16.657142857142855
2016-09-30,339.78,7.42,3.81,0.0,15.0,0.0,0.0,40.25,124.25,19.342857142857138,0.0,0.0,9,45.0,16.35
2016-10-01,339.78,6.97,13.21,0.0,16.75,0.0,0.0,40.25,123.75,18.978571428571428,0.0,0.0,10,91.0,15.671428571428573
2016-10-02,339.45,6.65,18.48,0.0,17.2,0.0,0.0,40.25,123.75,18.407142857142855,0.0,0.0,10,98.0,15.25
2016-10-03,339.09,6.8,18.53,23.25,17.4,0.0,0.0,63.5,147.0,17.892857142857142,0.0,0.0,10,75.0,14.4
2016-10-04,338.76,8.2,18.5,3.75,18.45,0.0,0.0,37.0,150.75,17.65,0.0,0.0,10,71.25,13.292857142857143
2016-10-05,338.4,6.53,18.44,12.25,14.95,0.0,0.0,49.0,163.0,16.7,0.0,0.0,10,60.25,12.557142857142855
2016-10-06,338.14,12.32,18.41,5.75,16.85,0.0,0.0,45.0,163.5,16.657142857142855,0.0,0.0,10,54.75,11.414285714285715
2016-10-07,337.87,8.29,18.36,0.0,12.85,0.0,0.0,45.0,163.5,16.35,0.0,0.0,10,55.25,11.178571428571429
2016-10-08,337.58,11.54,18.46,46.0,12.0,0.0,0.0,91.0,174.75,15.671428571428573,0.0,0.0,10,9.25,11.25
2016-10-09,337.7,27.28,18.47,7.0,14.25,0.0,0.0,98.0,176.25,15.25,0.0,0.0,10,2.25,10.957142857142856
2016-10-10,337.77,15.7,13.81,0.25,11.45,0.0,0.0,75.0,173.75,14.4,0.0,0.0,10,2.5,11.435714285714287
2016-10-11,337.99,12.39,3.87,0.0,10.7,0.0,0.0,71.25,173.75,13.292857142857143,0.0,0.0,10,3.75,12.357142857142858
2016-10-12,338.22,10.31,3.87,1.25,9.8,0.0,0.0,60.25,172.5,12.557142857142855,0.0,0.0,10,2.5,12.799999999999999
2016-10-13,338.39,8.7,3.87,0.25,8.850000000000001,0.0,0.0,54.75,161.0,11.414285714285715,0.0,0.0,10,5.25,13.114285714285714
2016-10-14,338.52,7.41,3.87,0.5,11.2,0.0,0.0,55.25,161.25,11.178571428571429,0.0,0.0,10,4.75,12.77142857142857
2016-10-15,338.62,6.77,3.87,0.0,12.5,0.0,0.0,9.25,160.0,11.25,0.0,0.0,10,4.75,12.228571428571428
2016-10-16,338.7,6.12,3.87,0.0,12.2,0.0,0.0,2.25,160.0,10.957142857142856,0.0,0.0,10,4.75,11.807142857142859
2016-10-17,338.77,6.12,3.87,0.5,14.8,0.0,0.0,2.5,160.25,11.435714285714287,0.0,0.0,10,4.25,10.849999999999998
2016-10-18,338.84,6.1,3.85,1.25,17.15,0.0,0.0,3.75,160.75,12.357142857142858,0.0,0.0,10,18.25,9.814285714285715
2016-10-19,338.89,5.13,3.84,0.0,12.899999999999999,0.0,0.0,2.5,160.75,12.799999999999999,0.0,0.0,10,18.5,10.285714285714286
2016-10-20,338.94,5.45,3.84,3.0,11.05,0.0,0.0,5.25,163.5,13.114285714285714,0.0,0.0,10,15.5,10.121428571428572
2016-10-21,338.96,4.14,3.82,0.0,8.8,0.0,0.0,4.75,163.5,12.77142857142857,0.0,0.0,10,22.0,10.157142857142858
2016-10-22,338.98,4.79,3.82,0.0,8.7,0.0,0.0,4.75,152.0,12.228571428571428,0.0,0.0,10,22.75,9.914285714285715
2016-10-23,339.0,3.82,3.82,0.0,9.25,0.0,0.0,4.75,145.25,11.807142857142859,0.0,0.0,10,22.75,9.457142857142857
2016-10-24,339.01,3.82,3.82,0.0,8.1,0.0,0.0,4.25,145.25,10.849999999999998,0.0,0.0,10,28.25,9.064285714285715
2016-10-25,339.01,4.79,3.82,15.25,9.9,0.0,0.0,18.25,160.5,9.814285714285715,0.0,0.0,10,20.5,8.428571428571429
2016-10-26,339.06,5.12,3.83,0.25,16.200000000000003,0.0,0.0,18.5,160.75,10.285714285714286,0.0,0.0,10,20.25,6.628571428571428
2016-10-27,339.06,3.79,5.72,0.0,9.9,0.0,0.0,15.5,130.5,10.121428571428572,0.0,0.0,10,24.0,6.171428571428571
2016-10-28,338.97,4.38,6.31,6.5,9.05,0.0,0.0,22.0,136.75,10.157142857142858,0.0,0.0,10,20.5,5.75
2016-10-29,338.97,5.03,3.74,0.75,7.0,0.0,0.0,22.75,127.75,9.914285714285715,0.0,0.0,10,22.75,6.357142857142857
2016-10-30,338.99,4.06,3.74,0.0,6.050000000000001,0.0,0.0,22.75,127.75,9.457142857142857,0.0,0.0,10,23.25,6.328571428571428
2016-10-31,339.0,4.23,3.91,5.5,5.35,0.0,0.0,28.25,133.25,9.064285714285715,0.0,0.0,10,17.75,6.121428571428572
2016-11-01,339.03,5.12,3.83,7.5,5.449999999999999,0.0,0.0,20.5,140.75,8.428571428571429,0.0,0.0,11,25.5,6.114285714285714
2016-11-02,339.06,4.45,3.81,0.0,3.5999999999999996,0.0,0.0,20.25,117.5,6.628571428571428,0.0,0.0,11,44.25,5.878571428571428
2016-11-03,339.08,4.8,3.81,3.75,6.7,0.0,0.0,24.0,117.5,6.171428571428571,0.0,0.0,11,43.25,5.121428571428572
2016-11-04,339.14,6.12,3.82,3.0,6.1,0.0,0.0,20.5,108.25,5.75,0.0,0.0,11,46.0,4.457142857142857
2016-11-05,339.22,7.43,3.82,3.0,11.25,0.0,0.0,22.75,105.5,6.357142857142857,0.0,0.0,11,44.75,3.7285714285714286
2016-11-06,339.37,8.41,3.81,0.5,5.85,0.0,0.0,23.25,106.0,6.328571428571428,0.0,0.0,11,45.25,3.864285714285714
2016-11-07,339.46,6.43,3.8,0.0,3.9,0.0,0.0,17.75,60.0,6.121428571428572,0.0,0.0,11,45.25,4.314285714285714
2016-11-08,339.54,8.07,3.8,15.25,5.4,0.0,0.0,25.5,68.25,6.114285714285714,0.0,0.0,11,33.75,4.807142857142857
2016-11-09,339.74,10.04,3.8,18.75,1.95,13.5,15.5,44.25,86.75,5.878571428571428,0.45,15.5,11,18.5,5.135714285714285
2016-11-10,339.87,7.09,3.8,2.75,1.4,16.5,4.0,43.25,89.5,5.121428571428572,1.0,19.5,11,17.0,5.45
2016-11-11,339.99,8.09,3.82,5.75,1.4500000000000002,10.5,0.0,46.0,94.0,4.457142857142857,1.35,19.5,11,11.25,5.942857142857142
2016-11-12,340.19,14.53,3.82,1.75,6.1499999999999995,4.5,0.0,44.75,95.5,3.7285714285714286,1.5,19.5,11,13.0,5.564285714285714
2016-11-13,340.55,16.22,3.82,1.0,6.8,1.0,0.0,45.25,96.0,3.864285714285714,1.5333333333333334,19.5,11,14.5,5.921428571428572
2016-11-14,340.92,14.54,3.82,0.0,7.05,0.0,0.0,45.25,96.0,4.314285714285714,1.5333333333333334,19.5,11,14.5,5.721428571428572
2016-11-15,341.22,15.11,3.83,3.75,8.85,0.0,0.0,33.75,99.75,4.807142857142857,1.5333333333333334,19.5,11,11.75,5.485714285714287
2016-11-16,341.51,11.0,3.82,3.5,4.25,0.0,0.0,18.5,102.75,5.135714285714285,1.5333333333333334,4.0,11,8.75,5.007142857142858
2016-11-17,341.69,9.65,3.83,1.25,3.6,0.0,0.0,17.0,102.75,5.45,1.5333333333333334,0.0,11,7.5,4.2785714285714285
2016-11-18,341.85,8.97,3.84,0.0,4.9,0.0,0.0,11.25,102.75,5.942857142857142,1.5333333333333334,0.0,11,8.0,3.5214285714285714
2016-11-19,341.99,8.63,3.84,3.5,3.5,0.0,0.0,13.0,103.25,5.564285714285714,1.5333333333333334,0.0,11,4.5,3.25
2016-11-20,342.16,10.81,3.84,2.5,9.3,0.0,0.0,14.5,105.75,5.921428571428572,1.5333333333333334,0.0,11,4.0,2.6357142857142857
2016-11-21,342.35,9.42,3.84,0.0,5.65,0.0,0.0,14.5,105.75,5.721428571428572,1.5333333333333334,0.0,11,8.75,2.3999999999999995
2016-11-22,342.49,8.37,3.84,1.0,7.199999999999999,0.0,0.0,11.75,106.75,5.485714285714287,1.5333333333333334,0.0,11,10.5,1.5714285714285714
2016-11-23,342.61,7.67,3.83,0.5,0.9,0.0,0.0,8.75,107.25,5.007142857142858,1.5333333333333334,0.0,11,10.0,1.657142857142857
2016-11-24,342.71,7.32,3.83,0.0,-1.5,0.0,0.0,7.5,92.0,4.2785714285714285,1.5333333333333334,0.0,11,19.5,2.5785714285714287
2016-11-25,342.8,6.63,3.84,0.5,-0.39999999999999997,0.5,1.0,8.0,92.25,3.5214285714285714,1.55,1.0,11,27.25,3.142857142857143
2016-11-26,342.87,6.28,3.84,0.0,1.6,0.0,0.0,4.5,92.25,3.25,1.55,1.0,11,27.5,3.6357142857142857
2016-11-27,342.95,6.65,3.85,2.0,5.0,0.0,0.0,4.0,87.75,2.6357142857142857,1.55,1.0,11,25.5,3.5214285714285714
2016-11-28,343.04,7.39,3.85,4.75,4.0,0.0,0.0,8.75,91.75,2.3999999999999995,1.55,1.0,11,23.75,3.9499999999999997
2016-11-29,343.13,6.35,3.85,2.75,1.4000000000000001,3.0,4.5,10.5,94.5,1.5714285714285714,1.65,5.5,11,49.25,4.164285714285715
2016-11-30,343.2,6.34,3.84,0.0,1.5,2.5,0.0,10.0,89.0,1.657142857142857,1.7333333333333334,5.5,11,51.5,3.9071428571428575
2016-12-01,343.28,8.47,3.83,9.5,4.95,0.0,0.0,19.5,91.0,2.5785714285714287,1.7333333333333334,5.5,12,42.5,3.221428571428571
2016-12-02,343.51,12.41,3.83,8.25,3.55,0.0,0.0,27.25,99.25,3.142857142857143,1.7333333333333334,4.5,12,36.75,2.9785714285714286
2016-12-03,343.69,10.25,3.82,0.25,5.05,0.0,0.0,27.5,95.75,3.6357142857142857,1.7333333333333334,4.5,12,41.5,2.2
2016-12-04,343.88,10.25,3.82,0.0,4.2,0.0,0.0,25.5,92.75,3.5214285714285714,1.7333333333333334,4.5,12,50.25,1.2714285714285716
2016-12-05,344.03,11.33,6.66,3.0,7.0,0.0,0.0,23.75,92.75,3.9499999999999997,1.7333333333333334,4.5,12,47.25,0.17142857142857149
2016-12-06,344.33,29.4,12.85,28.25,2.9,5.0,5.5,49.25,120.5,4.164285714285715,1.9,5.5,12,21.75,-0.28571428571428564
2016-12-07,344.59,18.53,15.59,2.25,-0.29999999999999993,9.0,5.5,51.5,122.75,3.9071428571428575,2.2,11.0,12,26.75,-0.09999999999999996
2016-12-08,344.6,13.83,16.4,0.5,0.14999999999999997,5.5,0.5,42.5,108.0,3.221428571428571,2.3833333333333333,11.5,12,38.75,-0.21428571428571422
2016-12-09,344.47,11.39,17.27,2.5,1.8499999999999999,2.0,0.0,36.75,91.75,2.9785714285714286,2.0,11.5,12,53.75,-0.8642857142857142
2016-12-10,344.32,11.06,17.31,5.0,-0.3999999999999999,12.0,12.0,41.5,94.0,2.2,1.85,23.5,12,62.0,-0.8928571428571427
2016-12-11,344.13,10.4,17.34,8.75,-2.3,24.5,15.5,50.25,97.0,1.2714285714285716,2.316666666666667,39.0,12,56.75,0.07857142857142867
2016-12-12,343.91,9.1,17.32,0.0,-0.7,22.0,0.0,47.25,95.25,0.17142857142857149,2.9,39.0,12,56.75,0.8785714285714288
2016-12-13,343.68,9.08,17.3,2.75,-0.3,14.5,1.0,21.75,97.0,-0.28571428571428564,3.35,34.5,12,55.5,1.242857142857143
2016-12-14,343.51,9.43,11.93,7.25,1.0,13.5,5.5,26.75,104.25,-0.09999999999999996,3.8,34.5,12,48.25,1.2714285714285716
2016-12-15,343.5,8.73,8.73,12.5,-0.6499999999999999,30.0,23.5,38.75,113.0,-0.21428571428571422,4.8,57.5,12,40.0,1.6500000000000001
2016-12-16,343.49,8.73,8.73,17.5,-2.7,53.0,25.5,53.75,127.0,-0.8642857142857142,6.566666666666666,83.0,12,30.0,2.778571428571429
2016-12-17,343.5,8.37,8.73,13.25,-0.6,68.0,17.5,62.0,139.0,-0.8928571428571427,8.833333333333334,88.5,12,17.75,2.9928571428571433
2016-12-18,343.48,8.02,8.73,3.5,4.5,57.5,0.0,56.75,142.5,0.07857142857142867,10.75,73.0,12,14.25,2.3714285714285714
2016-12-19,343.5,10.51,8.72,0.0,4.9,31.5,0.0,56.75,139.0,0.8785714285714288,11.8,73.0,12,14.25,1.6642857142857144
2016-12-20,343.55,11.22,8.72,1.5,2.25,20.5,0.0,55.5,138.0,1.242857142857143,12.483333333333333,72.0,12,19.0,1.578571428571429
2016-12-21,343.63,11.57,8.71,0.0,1.2,18.5,0.0,48.25,138.0,1.2714285714285716,13.1,66.5,12,19.0,1.3214285714285716
2016-12-22,343.72,12.65,8.72,4.25,2.0,17.0,1.0,40.0,141.25,1.6500000000000001,13.666666666666666,44.0,12,19.5,1.0857142857142859
2016-12-23,344.1,35.3,12.81,7.5,5.2,15.0,2.5,30.0,148.25,2.778571428571429,14.166666666666666,21.0,12,14.5,0.15000000000000013
2016-12-24,344.5,22.84,17.32,1.0,0.9000000000000001,14.5,1.5,17.75,149.25,2.9928571428571433,14.65,5.0,12,16.25,0.1500000000000001
2016-12-25,344.53,15.35,17.19,0.0,0.1499999999999999,13.5,0.0,14.25,148.75,2.3714285714285714,15.083333333333334,5.0,12,18.25,0.1285714285714287
2016-12-26,344.44,12.78,17.19,0.0,-0.050000000000000044,12.5,0.0,14.25,148.75,1.6642857142857144,15.5,5.0,12,26.75,0.542857142857143
2016-12-27,344.3,11.68,17.2,6.25,1.65,12.5,0.5,19.0,153.0,1.578571428571429,15.916666666666666,5.5,12,20.75,0.5642857142857144
2016-12-28,344.2,10.95,11.69,0.0,-0.6,11.5,0.5,19.0,148.25,1.3214285714285716,16.3,6.0,12,26.75,0.7571428571428572
2016-12-29,344.23,9.87,8.4,4.75,0.35000000000000003,18.5,8.0,19.5,150.25,1.0857142857142859,16.816666666666666,13.0,12,22.25,0.585714285714286
2016-12-30,344.26,9.14,8.4,2.5,-1.3499999999999999,23.0,7.5,14.5,152.75,0.15000000000000013,17.5,18.0,12,19.75,0.5285714285714287
2016-12-31,344.27,8.4,8.4,2.75,0.9,24.0,1.5,16.25,146.0,0.1500000000000001,18.3,18.0,12,18.25,0.6142857142857144
2017-01-01,344.26,8.02,8.39,2.0,0.0,20.0,1.5,18.25,139.75,0.1285714285714287,18.966666666666665,19.5,1,16.25,0.8428571428571429
2017-01-02,344.25,8.77,8.4,8.5,2.85,18.5,2.5,26.75,148.0,0.542857142857143,19.583333333333332,22.0,1,13.25,0.7000000000000001
2017-01-03,344.28,9.14,8.4,0.25,1.7999999999999998,16.5,0.5,20.75,148.25,0.5642857142857144,20.133333333333333,22.0,1,18.0,0.5714285714285715
2017-01-04,344.3,8.77,8.4,6.0,0.75,20.5,9.5,26.75,151.25,0.7571428571428572,20.816666666666666,31.0,1,21.25,-0.1285714285714285
2017-01-05,344.29,7.66,8.4,0.25,-0.85,20.5,4.0,22.25,123.25,0.585714285714286,21.333333333333332,27.0,1,34.0,-0.5857142857142856
2017-01-06,344.26,7.29,8.39,0.0,-1.75,19.5,0.0,19.75,121.0,0.5285714285714287,21.683333333333334,19.5,1,48.0,-0.8857142857142856
2017-01-07,344.23,6.92,8.39,1.25,1.5,19.5,1.5,18.25,121.75,0.6142857142857144,22.15,19.5,1,51.25,-2.0142857142857142
2017-01-08,344.19,6.54,8.38,0.0,1.6,17.5,0.0,16.25,119.25,0.8428571428571429,22.666666666666668,18.0,1,51.75,-3.192857142857143
2017-01-09,344.15,7.64,8.38,5.5,1.85,18.5,2.5,13.25,119.75,0.7000000000000001,22.883333333333333,18.0,1,49.5,-3.95
2017-01-10,344.11,6.15,8.36,5.0,0.8999999999999999,24.5,8.0,18.0,116.0,0.5714285714285715,22.883333333333333,25.5,1,44.5,-4.392857142857143
2017-01-11,344.06,6.92,8.36,9.25,-4.15,43.5,20.0,21.25,125.25,-0.1285714285714285,23.6,36.0,1,35.5,-3.9285714285714284
2017-01-12,344.02,6.56,8.35,13.0,-4.05,62.0,21.0,34.0,135.5,-0.5857142857142856,25.183333333333334,53.0,1,29.5,-3.292857142857143
2017-01-13,343.97,6.56,8.35,14.0,-3.85,71.0,11.0,48.0,142.25,-0.8857142857142856,27.1,64.0,1,15.5,-2.957142857142857
2017-01-14,343.91,6.21,8.35,4.5,-6.4,67.5,6.5,51.25,134.25,-2.0142857142857142,28.35,69.0,1,11.0,-2.1071428571428568
2017-01-15,343.84,5.84,8.34,0.5,-6.65,64.0,2.0,51.75,117.25,-3.192857142857143,28.716666666666665,71.0,1,16.25,-1.3999999999999997
2017-01-16,343.78,5.35,7.14,3.25,-3.45,62.5,7.5,49.5,107.25,-3.95,28.533333333333335,76.0,1,18.25,-1.2357142857142855
2017-01-17,343.75,5.16,5.87,0.0,-2.1999999999999997,55.5,0.0,44.5,103.75,-4.392857142857143,28.466666666666665,68.0,1,23.25,-1.4928571428571427
2017-01-18,343.73,4.95,5.31,0.25,-0.9,51.0,2.5,35.5,104.0,-3.9285714285714284,29.116666666666667,50.5,1,24.5,-1.7499999999999998
2017-01-19,343.73,4.95,5.31,7.0,0.4,56.5,10.5,29.5,109.5,-3.292857142857143,30.316666666666666,40.0,1,18.0,-1.7714285714285711
2017-01-20,343.71,4.25,5.32,0.0,-1.5,51.0,0.0,15.5,109.5,-2.957142857142857,31.4,29.0,1,23.25,-1.6428571428571426
2017-01-21,343.68,4.61,5.32,0.0,-0.45000000000000007,49.5,2.0,11.0,105.25,-2.1071428571428568,32.483333333333334,24.5,1,23.25,-1.5357142857142854
2017-01-22,343.66,4.61,5.32,5.75,-1.7,56.0,11.0,16.25,103.5,-1.3999999999999997,33.85,33.5,1,17.5,-1.1999999999999997
2017-01-23,343.64,4.96,5.32,5.25,-2.3,63.5,11.0,18.25,107.75,-1.2357142857142855,35.483333333333334,37.0,1,26.0,-0.8785714285714283
2017-01-24,343.63,4.62,5.33,5.0,-4.0,72.0,15.0,23.25,112.75,-1.4928571428571427,37.43333333333333,52.0,1,21.75,-0.5499999999999998
2017-01-25,343.6,4.26,5.33,1.5,-2.7,72.5,6.0,24.5,114.25,-1.7499999999999998,39.43333333333333,55.5,1,27.75,-0.30714285714285694
2017-01-26,343.57,3.89,5.32,0.5,0.24999999999999994,70.0,1.5,18.0,108.5,-1.7714285714285711,41.35,46.5,1,32.75,-1.0214285714285711
2017-01-27,343.54,4.96,5.32,5.25,-0.6,58.5,2.0,23.25,113.75,-1.6428571428571426,42.916666666666664,48.5,1,28.75,-1.0999999999999999
2017-01-28,343.52,3.53,5.32,0.0,0.3,56.0,3.5,23.25,109.0,-1.5357142857142854,44.166666666666664,50.0,1,29.0,-0.8642857142857141
2017-01-29,343.48,4.25,5.32,0.0,0.65,53.0,0.0,17.5,106.5,-1.1999999999999997,45.166666666666664,39.0,1,31.75,-0.9428571428571425
2017-01-30,343.45,4.44,4.8,13.75,-0.04999999999999999,59.0,11.0,26.0,117.5,-0.8785714285714283,46.333333333333336,39.0,1,32.75,-0.7428571428571427
2017-01-31,343.45,4.11,4.47,0.75,-1.7,59.5,6.0,21.75,116.25,-0.5499999999999998,47.65,30.0,1,40.5,-0.7142857142857141
2017-02-01,343.44,4.8,4.44,7.5,-1.0,73.5,20.0,27.75,115.25,-0.30714285714285694,49.483333333333334,44.0,2,34.25,-0.8214285714285712
2017-02-02,343.45,4.37,4.37,5.5,-4.75,86.5,18.5,32.75,120.5,-1.0214285714285711,51.81666666666667,61.0,2,28.75,-0.2857142857142855
2017-02-03,343.45,4.0,4.36,1.25,-1.15,84.5,2.0,28.75,115.75,-1.0999999999999999,53.95,61.0,2,37.0,-0.17857142857142833
2017-02-04,343.43,3.64,4.35,0.25,1.95,78.0,0.0,29.0,115.75,-0.8642857142857141,55.86666666666667,57.5,2,39.25,-0.7214285714285713
2017-02-05,343.42,4.35,4.35,2.75,0.09999999999999998,70.0,0.0,31.75,118.5,-0.9428571428571425,57.55,57.5,2,40.5,-0.7357142857142855
2017-02-06,343.42,4.35,4.35,14.75,1.35,67.5,6.0,32.75,132.0,-0.7428571428571427,59.15,52.5,2,28.5,-0.7928571428571426
2017-02-07,343.43,5.06,4.35,8.5,-1.5,81.5,23.5,40.5,140.5,-0.7142857142857141,61.28333333333333,70.0,2,20.5,-0.43571428571428555
2017-02-08,343.43,3.65,4.36,1.25,-1.75,82.5,3.5,34.25,136.25,-0.8214285714285712,63.416666666666664,53.5,2,21.75,-0.09999999999999974
2017-02-09,343.42,3.8,4.16,0.0,-1.0,75.0,1.5,28.75,131.25,-0.2857142857142855,65.1,36.5,2,21.75,0.3357142857142859
2017-02-10,343.41,4.31,4.31,9.5,-0.4,82.0,15.5,37.0,131.5,-0.17857142857142833,66.38333333333334,50.0,2,22.25,0.9000000000000001
2017-02-11,343.4,3.6,4.31,2.5,-1.85,80.0,8.5,39.25,121.0,-0.7214285714285713,66.98333333333333,58.5,2,23.25,0.8428571428571429
2017-02-12,343.39,3.6,4.31,4.0,0.0,80.0,3.5,40.5,111.0,-0.7357142857142855,67.28333333333333,62.0,2,24.0,0.34285714285714297
2017-02-13,343.37,3.95,4.31,2.75,0.95,81.0,5.0,28.5,109.25,-0.7928571428571426,67.73333333333333,61.0,2,31.5,0.042857142857143024
2017-02-14,343.34,3.6,4.31,0.5,1.0,75.5,2.5,20.5,109.25,-0.43571428571428555,68.11666666666666,40.0,2,31.25,-0.3428571428571427
2017-02-15,343.32,3.23,4.3,2.5,0.6000000000000001,74.5,8.0,21.75,108.5,-0.09999999999999974,68.51666666666667,44.5,2,28.75,-0.47142857142857125
2017-02-16,343.3,3.61,4.32,0.0,2.05,73.0,0.0,21.75,108.5,0.3357142857142859,69.1,43.0,2,42.5,-0.6214285714285712
2017-02-17,343.3,6.83,4.33,10.0,3.55,68.5,3.5,22.25,118.25,0.9000000000000001,69.68333333333334,31.0,2,37.25,-1.2857142857142854
2017-02-18,343.41,7.2,4.34,3.5,-2.25,75.0,9.5,23.25,114.75,0.8428571428571429,70.3,32.0,2,38.25,-0.9928571428571427
2017-02-19,343.46,5.77,4.34,4.75,-3.5,85.5,13.0,24.0,119.5,0.34285714285714297,71.45,41.5,2,38.0,-0.35714285714285693
2017-02-20,343.5,5.77,3.98,10.25,-1.1500000000000001,82.0,7.0,31.5,129.75,0.042857142857143024,72.53333333333333,43.5,2,28.0,-0.4214285714285712
2017-02-21,343.56,5.55,3.76,0.25,-1.7000000000000002,78.0,0.5,31.25,124.25,-0.3428571428571427,73.26666666666667,41.5,2,27.75,-0.5857142857142854
2017-02-22,343.59,4.82,3.75,0.0,-0.3,73.5,0.0,28.75,119.0,-0.47142857142857125,73.6,33.5,2,27.75,-0.6071428571428569
2017-02-23,343.63,6.25,3.75,13.75,1.0,71.5,2.0,42.5,127.75,-0.6214285714285712,73.58333333333333,35.5,2,14.0,-0.3857142857142855
2017-02-24,343.73,6.61,3.75,4.75,-1.0999999999999999,80.5,13.0,37.25,131.0,-1.2857142857142854,73.85,45.0,2,10.75,0.03571428571428597
2017-02-25,343.79,5.89,3.75,4.5,-0.2,86.0,11.5,38.25,135.0,-0.9928571428571427,74.38333333333334,47.0,2,11.5,0.2714285714285717
2017-02-26,343.84,5.54,3.75,4.5,0.95,78.0,8.0,38.0,134.25,-0.35714285714285693,75.03333333333333,42.0,2,7.0,0.3000000000000003
2017-02-27,343.89,5.16,3.73,0.25,-1.5999999999999999,74.5,1.5,28.0,134.5,-0.4214285714285712,75.65,36.5,2,9.5,1.0071428571428573
2017-02-28,343.93,4.79,3.72,0.0,-2.8499999999999996,70.5,0.0,27.75,134.5,-0.5857142857142854,76.23333333333333,36.0,2,15.5,1.2642857142857145
2017-03-01,343.96,5.15,3.72,0.0,-0.45000000000000007,69.5,0.0,27.75,120.75,-0.6071428571428569,76.58333333333333,36.0,3,35.0,1.1214285714285717
2017-03-02,343.99,4.74,3.67,0.0,2.55,68.0,0.0,14.0,120.0,-0.3857142857142855,76.86666666666666,34.0,3,40.75,0.8285714285714288
2017-03-03,344.03,4.72,3.65,1.5,1.85,67.5,1.5,10.75,114.0,0.03571428571428597,76.66666666666667,22.5,3,48.5,0.5785714285714288
2017-03-04,344.05,4.77,3.7,5.25,1.4500000000000002,68.0,2.0,11.5,113.75,0.2714285714285717,76.05,13.0,3,43.5,0.28571428571428586
2017-03-05,344.08,4.44,3.7,0.0,1.1500000000000001,66.5,0.0,7.0,112.5,0.3000000000000003,75.45,5.0,3,43.5,0.30000000000000016
2017-03-06,344.1,4.8,3.7,2.75,3.35,65.5,1.5,9.5,115.0,1.0071428571428573,75.03333333333333,5.0,3,40.75,0.014285714285714426
2017-03-07,344.15,5.38,3.54,6.0,-1.05,71.0,8.5,15.5,118.25,1.2642857142857145,75.06666666666666,13.5,3,39.25,0.492857142857143
2017-03-08,344.21,5.68,3.47,19.5,-1.4500000000000002,96.5,34.0,35.0,123.0,1.1214285714285717,76.03333333333333,47.5,3,21.75,0.8500000000000002
2017-03-09,344.25,4.8,3.7,5.75,0.5,99.0,7.5,40.75,120.25,0.8285714285714288,76.61666666666666,55.0,3,17.0,1.0642857142857145
2017-03-10,344.29,5.17,3.7,9.25,0.10000000000000003,94.0,19.5,48.5,128.25,0.5785714285714288,77.0,73.0,3,9.75,1.442857142857143
2017-03-11,344.31,4.43,3.69,0.25,-0.6,85.0,0.5,43.5,128.5,0.28571428571428586,77.33333333333333,71.5,3,11.5,2.021428571428572
2017-03-12,344.33,4.06,3.69,0.0,1.25,76.0,0.0,43.5,119.0,0.30000000000000016,77.13333333333334,71.5,3,11.75,2.342857142857143
2017-03-13,344.31,4.33,7.64,0.0,1.35,72.5,0.0,40.75,116.5,0.014285714285714426,76.88333333333334,70.0,3,11.75,2.8714285714285714
2017-03-14,344.17,5.25,10.4,4.5,2.3,71.5,0.0,39.25,117.0,0.492857142857143,76.6,61.5,3,17.5,2.8214285714285716
2017-03-15,344.02,4.64,10.39,2.0,1.05,74.0,3.5,21.75,116.25,0.8500000000000002,76.36666666666666,31.0,3,16.0,3.1999999999999997
2017-03-16,343.85,4.32,10.39,1.0,2.0,71.5,2.5,17.0,116.75,1.0642857142857145,76.23333333333333,26.0,3,18.5,3.1999999999999997
2017-03-17,343.71,3.98,6.48,2.0,2.75,72.0,3.5,9.75,116.25,1.442857142857143,76.15,10.0,3,20.75,2.9214285714285713
2017-03-18,343.7,4.49,4.13,2.0,3.45,72.0,0.0,11.5,118.25,2.021428571428572,76.11666666666666,9.5,3,18.75,2.7
2017-03-19,343.73,5.2,4.13,0.25,3.5,68.5,0.5,11.75,108.5,2.342857142857143,76.11666666666666,10.0,3,18.5,2.5642857142857145
2017-03-20,343.76,5.92,4.13,0.0,5.05,67.0,0.0,11.75,105.0,2.8714285714285714,75.85,10.0,3,21.5,2.257142857142857
2017-03-21,343.82,6.64,4.14,10.25,1.95,65.0,0.5,17.5,110.5,2.8214285714285716,75.16666666666667,10.5,3,12.5,2.3000000000000003
2017-03-22,343.89,6.28,4.14,0.5,3.7,64.5,0.5,16.0,100.75,3.1999999999999997,74.58333333333333,7.5,3,15.0,2.185714285714286
2017-03-23,343.95,5.93,4.14,3.5,2.0,65.5,6.0,18.5,104.0,3.1999999999999997,74.16666666666667,11.0,3,14.5,2.628571428571429
2017-03-24,344.0,6.29,4.15,4.25,0.8,67.0,8.0,20.75,108.25,2.9214285714285713,73.95,15.5,3,11.25,3.107142857142857
2017-03-25,344.04,5.22,4.15,0.0,1.9,66.5,0.0,18.75,94.5,2.7,73.78333333333333,15.5,3,11.5,3.2642857142857147
2017-03-26,344.07,5.24,4.15,0.0,2.55,62.5,0.0,18.5,89.75,2.5642857142857145,73.18333333333334,15.0,3,11.5,3.4071428571428575
2017-03-27,344.11,5.25,4.15,3.0,2.9,61.0,1.0,21.5,88.25,2.257142857142857,72.35,16.0,3,8.5,3.6499999999999995
2017-03-28,344.14,5.62,4.15,1.25,2.25,60.0,0.5,12.5,85.0,2.3000000000000003,71.75,16.0,3,7.25,4.114285714285714
2017-03-29,344.17,4.88,4.14,3.0,2.9,60.0,2.5,15.0,87.75,2.185714285714286,71.26666666666667,18.0,3,4.25,4.75
2017-03-30,344.21,7.09,4.15,3.0,5.1,57.5,0.0,14.5,90.75,2.628571428571429,70.83333333333333,12.0,3,1.5,5.5
2017-03-31,344.31,9.46,6.89,1.0,4.15,55.0,0.0,11.25,91.75,3.107142857142857,70.35,4.0,3,13.0,6.064285714285715
2017-04-01,344.32,8.92,10.02,0.25,3.0,53.5,0.0,11.5,92.0,3.2642857142857147,69.86666666666666,4.0,4,12.75,6.778571428571429
2017-04-02,344.27,7.8,10.01,0.0,3.55,51.5,1.0,11.5,90.5,3.4071428571428575,69.33333333333333,5.0,4,13.25,7.278571428571429
2017-04-03,344.22,8.92,10.02,0.0,4.6,49.5,0.0,8.5,85.25,3.6499999999999995,68.71666666666667,4.0,4,13.25,7.521428571428571
2017-04-04,344.22,11.87,10.03,0.0,5.5,48.0,0.0,7.25,85.25,4.114285714285714,68.1,3.5,4,31.5,7.692857142857143
2017-04-05,344.32,17.45,13.41,0.0,7.35,45.5,0.0,4.25,82.5,4.75,67.43333333333334,1.0,4,36.0,7.464285714285714
2017-04-06,344.49,30.46,17.22,0.25,10.35,41.5,0.0,1.5,76.75,5.5,66.45,1.0,4,36.25,6.614285714285715
2017-04-07,345.21,57.73,17.33,12.5,8.1,37.5,0.0,13.0,69.75,6.064285714285715,64.48333333333333,1.0,4,23.75,6.65
2017-04-08,346.17,45.11,20.12,0.0,8.0,35.5,0.0,12.75,64.0,6.778571428571429,62.36666666666667,1.0,4,26.0,6.807142857142858
2017-04-09,346.83,51.62,26.01,0.5,7.05,32.5,0.0,13.25,55.25,7.278571428571429,60.31666666666667,0.0,4,25.5,7.4071428571428575
2017-04-10,347.2,35.01,30.21,0.0,6.300000000000001,30.5,0.0,13.25,55.0,7.521428571428571,58.5,0.0,4,28.5,8.107142857142858
2017-04-11,347.25,38.58,30.58,18.25,6.7,27.5,0.0,31.5,73.25,7.692857142857143,56.88333333333333,0.0,4,31.5,8.785714285714286
2017-04-12,347.95,72.15,39.98,4.5,5.75,24.5,0.0,36.0,77.75,7.464285714285714,55.28333333333333,0.0,4,41.25,9.114285714285714
2017-04-13,348.19,36.7,43.67,0.5,4.4,22.0,0.5,36.25,73.75,6.614285714285715,53.63333333333333,0.5,4,41.5,9.478571428571428
2017-04-14,347.91,29.31,39.31,0.0,8.35,19.0,0.0,23.75,71.75,6.65,51.8,0.5,4,42.0,9.6
2017-04-15,347.83,43.3,38.1,2.25,9.1,16.0,0.0,26.0,73.0,6.807142857142858,49.95,0.5,4,40.0,9.407142857142858
2017-04-16,348.23,74.14,43.94,0.0,11.25,14.0,0.0,25.5,71.0,7.4071428571428575,48.016666666666666,0.5,4,40.25,8.814285714285715
2017-04-17,348.91,69.06,54.31,3.0,11.2,9.0,0.0,28.5,72.0,8.107142857142858,45.916666666666664,0.5,4,37.25,8.5
2017-04-18,349.68,114.38,61.88,21.25,11.45,4.5,0.0,31.5,93.0,8.785714285714286,43.78333333333333,0.5,4,16.0,8.578571428571427
2017-04-19,350.42,78.72,69.61,14.25,8.05,0.0,0.0,41.25,107.25,9.114285714285714,41.55,0.5,4,24.0,8.9
2017-04-20,350.34,51.12,68.9,0.75,6.95,0.0,0.0,41.5,97.75,9.478571428571428,39.38333333333333,0.0,4,24.5,9.271428571428572
2017-04-21,349.76,38.66,63.13,0.5,9.2,0.0,0.0,42.0,97.75,9.6,37.233333333333334,0.0,4,24.0,9.485714285714286
2017-04-22,349.24,37.22,57.81,0.25,7.75,0.0,0.0,40.0,94.5,9.407142857142858,35.05,0.0,4,25.25,9.75
2017-04-23,348.79,34.56,53.0,0.25,7.1000000000000005,0.0,0.0,40.25,90.5,8.814285714285715,32.81666666666667,0.0,4,25.0,10.607142857142858
2017-04-24,348.36,32.22,46.56,0.0,9.0,0.0,0.0,37.25,90.5,8.5,30.6,0.0,4,25.0,11.021428571428572
2017-04-25,348.12,39.01,43.11,0.0,12.0,0.0,0.0,16.0,90.5,8.578571428571427,28.516666666666666,0.0,4,25.0,10.964285714285714
2017-04-26,348.15,50.91,43.54,22.25,10.3,0.0,0.0,24.0,109.75,8.9,26.483333333333334,0.0,4,2.75,11.357142857142858
2017-04-27,348.42,54.28,47.72,1.25,9.55,0.0,0.0,24.5,109.75,9.271428571428572,24.483333333333334,0.0,4,1.5,12.15
2017-04-28,348.38,41.65,47.39,0.0,10.7,0.0,0.0,24.0,106.75,9.485714285714286,22.483333333333334,0.0,4,1.5,13.014285714285716
2017-04-29,348.22,38.14,45.11,1.5,9.6,0.0,0.0,25.25,105.25,9.75,20.566666666666666,0.0,4,8.5,13.592857142857143
2017-04-30,348.09,43.06,43.06,0.0,13.1,0.0,0.0,25.0,104.25,10.607142857142858,18.733333333333334,0.0,4,8.5,13.514285714285716
2017-05-01,348.17,45.53,44.19,0.0,11.899999999999999,0.0,0.0,25.0,104.0,11.021428571428572,16.95,0.0,5,8.5,13.564285714285717
2017-05-02,348.15,44.59,44.14,0.0,11.6,0.0,0.0,25.0,104.0,10.964285714285714,15.233333333333333,0.0,5,8.5,13.764285714285716
2017-05-03,348.15,42.69,44.26,0.0,13.05,0.0,0.0,2.75,104.0,11.357142857142858,13.583333333333334,0.0,5,17.0,13.828571428571431
2017-05-04,348.12,43.92,43.86,0.0,15.100000000000001,0.0,0.0,1.5,104.0,12.15,11.983333333333333,0.0,5,23.0,13.514285714285714
2017-05-05,348.17,50.36,44.56,0.0,16.75,0.0,0.0,1.5,104.0,13.014285714285716,10.466666666666667,0.0,5,23.25,13.285714285714286
2017-05-06,348.37,55.89,47.63,8.5,13.649999999999999,0.0,0.0,8.5,112.25,13.592857142857143,9.083333333333334,0.0,5,26.5,13.150000000000002
2017-05-07,348.45,45.49,49.11,0.0,12.55,0.0,0.0,8.5,99.75,13.514285714285716,7.833333333333333,0.0,5,26.75,13.22857142857143
2017-05-08,348.27,36.6,46.36,0.0,12.25,0.0,0.0,8.5,99.75,13.564285714285717,6.65,0.0,5,51.0,13.278571428571428
2017-05-09,348.04,35.04,42.69,0.0,13.0,0.0,0.0,8.5,99.25,13.764285714285716,5.566666666666666,0.0,5,52.5,13.142857142857144
2017-05-10,347.9,38.77,40.65,8.5,13.5,0.0,0.0,17.0,107.75,13.828571428571431,4.55,0.0,5,44.75,13.164285714285715
2017-05-11,348.01,51.16,42.25,6.0,12.9,0.0,0.0,23.0,95.5,13.514285714285714,3.6333333333333333,0.0,5,38.75,13.385714285714286
2017-05-12,348.19,47.54,45.01,0.25,15.149999999999999,0.0,0.0,23.25,91.25,13.285714285714286,2.816666666666667,0.0,5,38.5,13.507142857142858
2017-05-13,348.32,71.47,46.82,11.75,12.7,0.0,0.0,26.5,102.5,13.150000000000002,2.0833333333333335,0.0,5,26.75,14.27857142857143
2017-05-14,349.34,90.77,59.81,0.25,13.1,0.0,0.0,26.75,102.75,13.22857142857143,1.45,0.0,5,26.5,15.300000000000002
2017-05-15,349.62,69.43,62.79,24.25,12.6,0.0,0.0,51.0,124.75,13.278571428571428,0.9166666666666666,0.0,5,2.25,16.47857142857143
2017-05-16,349.59,49.88,62.61,1.5,12.05,0.0,0.0,52.5,126.25,13.142857142857144,0.45,0.0,5,3.0,17.592857142857145
2017-05-17,349.17,39.99,58.38,0.75,13.65,0.0,0.0,44.75,124.0,13.164285714285715,0.15,0.0,5,3.25,18.22857142857143
2017-05-18,348.75,38.2,53.71,0.0,14.45,0.0,0.0,38.75,102.75,13.385714285714286,0.0,0.0,5,8.5,18.5
2017-05-19,348.4,35.19,48.24,0.0,16.0,0.0,0.0,38.5,88.5,13.507142857142858,0.0,0.0,5,16.75,18.57857142857143
2017-05-20,348.14,35.94,44.07,0.0,18.1,0.0,0.0,26.75,87.75,14.27857142857143,0.0,0.0,5,28.25,18.25714285714286
2017-05-21,347.99,37.47,41.81,0.0,20.25,0.0,0.0,26.5,87.25,15.300000000000002,0.0,0.0,5,28.75,17.492857142857144
2017-05-22,347.87,34.61,40.13,0.0,20.85,0.0,0.0,2.25,87.0,16.47857142857143,0.0,0.0,5,28.75,17.07857142857143
2017-05-23,347.73,31.87,38.2,2.25,19.85,0.0,0.0,3.0,89.0,17.592857142857145,0.0,0.0,5,26.5,16.97142857142857
2017-05-24,347.55,26.27,35.81,1.0,18.1,0.0,0.0,3.25,90.0,18.22857142857143,0.0,0.0,5,29.0,17.407142857142862
2017-05-25,347.33,24.64,32.98,5.25,16.35,0.0,0.0,8.5,95.25,18.5,0.0,0.0,5,59.5,17.564285714285717
2017-05-26,347.1,22.37,30.24,8.25,16.55,0.0,0.0,16.75,81.25,18.57857142857143,0.0,0.0,5,68.0,17.321428571428573
2017-05-27,347.01,27.1,28.97,11.5,15.850000000000001,0.0,0.0,28.25,91.5,18.25714285714286,0.0,0.0,5,60.25,16.935714285714287
2017-05-28,346.88,21.5,27.61,0.5,14.9,0.0,0.0,28.75,92.0,17.492857142857144,0.0,0.0,5,64.25,16.414285714285718
2017-05-29,346.73,20.66,26.0,0.0,17.95,0.0,0.0,28.75,90.5,17.07857142857143,0.0,0.0,5,65.75,15.514285714285716
2017-05-30,346.6,20.17,24.74,0.0,19.1,0.0,0.0,26.5,90.5,16.97142857142857,0.0,0.0,5,65.75,14.757142857142858
2017-05-31,346.49,20.76,23.78,3.5,21.15,0.0,0.0,29.0,94.0,17.407142857142862,0.0,0.0,5,63.25,14.021428571428572
2017-06-01,346.51,30.15,23.96,35.75,17.450000000000003,0.0,0.0,59.5,129.75,17.564285714285717,0.0,0.0,6,43.0,13.892857142857144
2017-06-02,346.72,34.33,25.81,16.75,14.850000000000001,0.0,0.0,68.0,146.5,17.321428571428573,0.0,0.0,6,26.25,14.414285714285715
2017-06-03,346.85,25.87,27.03,3.75,13.15,0.0,0.0,60.25,150.25,16.935714285714287,0.0,0.0,6,34.0,14.62857142857143
2017-06-04,346.74,20.12,25.93,4.5,11.25,0.0,0.0,64.25,154.75,16.414285714285718,0.0,0.0,6,30.5,15.057142857142859
2017-06-05,346.62,20.88,24.75,1.5,11.65,0.0,0.0,65.75,147.75,15.514285714285716,0.0,0.0,6,31.5,15.328571428571431
2017-06-06,346.49,17.8,23.61,0.0,13.8,0.0,0.0,65.75,147.75,14.757142857142858,0.0,0.0,6,31.5,15.492857142857144
2017-06-07,346.34,16.46,22.27,1.0,16.0,0.0,0.0,63.25,148.75,14.021428571428572,0.0,0.0,6,30.5,15.464285714285714
2017-06-08,346.26,20.9,21.67,15.5,16.55,0.0,0.0,43.0,164.25,13.892857142857144,0.0,0.0,6,17.5,15.564285714285717
2017-06-09,346.2,17.35,21.22,0.0,18.5,0.0,0.0,26.25,155.75,14.414285714285715,0.0,0.0,6,18.25,15.321428571428571
2017-06-10,346.09,16.52,20.38,11.5,14.649999999999999,0.0,0.0,34.0,161.25,14.62857142857143,0.0,0.0,6,6.75,15.707142857142857
2017-06-11,345.97,13.93,19.64,1.0,14.25,0.0,0.0,30.5,162.0,15.057142857142859,0.0,0.0,6,5.75,16.12142857142857
2017-06-12,345.82,13.18,18.89,2.5,13.55,0.0,0.0,31.5,152.75,15.328571428571431,0.0,0.0,6,3.25,16.928571428571427
2017-06-13,345.67,12.2,18.36,0.0,14.95,0.0,0.0,31.5,152.5,15.492857142857144,0.0,0.0,6,3.25,17.7
2017-06-14,345.5,11.84,18.2,0.0,15.799999999999999,0.0,0.0,30.5,128.25,15.464285714285714,0.0,0.0,6,18.5,17.964285714285715
2017-06-15,345.32,11.08,18.19,2.5,17.25,0.0,0.0,17.5,129.25,15.564285714285717,0.0,0.0,6,23.25,18.05
2017-06-16,345.13,10.7,18.16,0.75,16.799999999999997,0.0,0.0,18.25,129.25,15.321428571428571,0.0,0.0,6,22.5,18.50714285714286
2017-06-17,344.92,10.05,18.14,0.0,17.35,0.0,0.0,6.75,129.25,15.707142857142857,0.0,0.0,6,22.5,19.035714285714285
2017-06-18,344.69,9.29,18.11,0.0,17.15,0.0,0.0,5.75,129.25,16.12142857142857,0.0,0.0,6,26.0,19.47857142857143
2017-06-19,344.44,8.91,18.1,0.0,19.2,0.0,0.0,3.25,129.25,16.928571428571427,0.0,0.0,6,26.25,19.142857142857142
2017-06-20,344.18,8.52,17.71,0.0,20.35,0.0,0.0,3.25,129.25,17.7,0.0,0.0,6,26.25,18.72142857142857
2017-06-21,343.95,11.74,17.46,15.25,17.65,0.0,0.0,18.5,144.5,17.964285714285715,0.0,0.0,6,11.0,19.121428571428574
2017-06-22,343.83,12.1,17.46,7.25,17.85,0.0,0.0,23.25,149.5,18.05,0.0,0.0,6,3.75,19.50714285714286
2017-06-23,343.67,10.61,17.4,0.0,20.0,0.0,0.0,22.5,148.5,18.50714285714286,0.0,0.0,6,7.0,19.83571428571429
2017-06-24,343.46,9.31,17.17,0.0,21.05,0.0,0.0,22.5,143.25,19.035714285714285,0.0,0.0,6,9.75,20.021428571428572
2017-06-25,343.23,8.93,17.15,3.5,20.25,0.0,0.0,26.0,138.5,19.47857142857143,0.0,0.0,6,6.5,20.45
2017-06-26,343.0,8.71,17.16,0.25,16.85,0.0,0.0,26.25,127.25,19.142857142857142,0.0,0.0,6,49.0,21.22857142857143
2017-06-27,342.74,7.72,17.14,0.0,17.4,0.0,0.0,26.25,126.75,18.72142857142857,0.0,0.0,6,56.0,21.835714285714285
2017-06-28,342.46,6.74,16.85,0.0,20.450000000000003,0.0,0.0,11.0,126.75,19.121428571428574,0.0,0.0,6,62.5,22.00714285714286
2017-06-29,342.17,6.56,16.65,0.0,20.55,0.0,0.0,3.75,126.75,19.50714285714286,0.0,0.0,6,62.5,22.2
2017-06-30,341.89,8.41,16.62,3.25,22.3,0.0,0.0,7.0,126.5,19.83571428571429,0.0,0.0,6,59.25,22.32857142857143
2017-07-01,341.67,8.39,16.6,2.75,22.35,0.0,0.0,9.75,93.5,20.021428571428572,0.0,0.0,7,56.5,22.61428571428571
2017-07-02,341.42,7.69,16.58,0.25,23.25,0.0,0.0,6.5,77.0,20.45,0.0,0.0,7,56.25,22.87857142857143
2017-07-03,341.41,42.08,16.42,42.75,22.299999999999997,0.0,0.0,49.0,116.0,21.22857142857143,0.0,0.0,7,18.0,23.45
2017-07-04,342.31,34.85,16.38,7.0,21.65,0.0,0.0,56.0,118.5,21.835714285714285,0.0,0.0,7,11.0,24.178571428571427
2017-07-05,342.95,39.4,16.92,6.5,21.65,0.0,0.0,62.5,123.5,22.00714285714286,0.0,0.0,7,5.0,24.74285714285714
2017-07-06,343.31,23.36,18.0,0.0,21.9,0.0,0.0,62.5,123.5,22.2,0.0,0.0,7,13.0,25.157142857142862
2017-07-07,343.35,18.51,20.65,0.0,23.2,0.0,0.0,59.25,122.5,22.32857142857143,0.0,0.0,7,13.0,25.607142857142858
2017-07-08,343.2,13.76,21.26,0.0,24.35,0.0,0.0,56.5,107.0,22.61428571428571,0.0,0.0,7,13.0,25.96428571428572
2017-07-09,342.95,11.04,20.51,0.0,25.1,0.0,0.0,56.25,107.0,22.87857142857143,0.0,0.0,7,34.5,25.78571428571429
2017-07-10,342.66,9.9,20.36,4.5,26.3,0.0,0.0,18.0,100.0,23.45,0.0,0.0,7,46.5,25.47857142857143
2017-07-11,342.35,8.83,20.34,0.0,26.75,0.0,0.0,11.0,99.0,24.178571428571427,0.0,0.0,7,51.5,24.792857142857144
2017-07-12,342.0,8.37,21.45,0.5,25.6,0.0,0.0,5.0,97.0,24.74285714285714,0.0,0.0,7,51.0,24.38571428571429
2017-07-13,341.6,8.08,22.11,8.0,24.8,0.0,0.0,13.0,105.0,25.157142857142862,0.0,0.0,7,43.0,24.264285714285716
2017-07-14,341.2,6.99,16.91,0.0,26.35,0.0,0.0,13.0,105.0,25.607142857142858,0.0,0.0,7,43.0,24.2
2017-07-15,341.16,6.0,2.92,0.0,26.85,0.0,0.0,13.0,102.5,25.96428571428572,0.0,0.0,7,132.25,23.80714285714286
2017-07-16,341.28,10.57,2.36,21.5,23.85,0.0,0.0,34.5,123.25,25.78571428571429,0.0,0.0,7,166.25,23.599999999999998
2017-07-17,341.36,9.81,18.36,16.5,24.15,0.0,0.0,46.5,139.75,25.47857142857143,0.0,0.0,7,152.75,23.278571428571432
2017-07-18,340.97,8.25,22.07,5.0,21.95,0.0,0.0,51.5,144.75,24.792857142857144,0.0,0.0,7,147.75,23.37142857142857
2017-07-19,340.54,6.68,22.1,0.0,22.75,0.0,0.0,51.0,144.75,24.38571428571429,0.0,0.0,7,147.75,23.292857142857144
2017-07-20,340.07,5.8,22.06,0.0,23.950000000000003,0.0,0.0,43.0,144.75,24.264285714285716,0.0,0.0,7,148.25,22.985714285714288
2017-07-21,339.61,5.96,16.15,0.0,25.9,0.0,0.0,43.0,129.5,24.2,0.0,0.0,7,151.5,22.292857142857144
2017-07-22,339.64,16.52,2.06,89.25,24.1,0.0,0.0,132.25,211.5,23.80714285714286,0.0,0.0,7,77.0,22.00714285714286
2017-07-23,340.79,64.51,2.07,55.5,22.4,0.0,0.0,166.25,267.0,23.599999999999998,0.0,0.0,7,21.5,22.185714285714287
2017-07-24,342.11,31.89,18.46,3.0,21.9,0.0,0.0,152.75,270.0,23.278571428571432,0.0,0.0,7,21.5,22.49285714285714
2017-07-25,342.17,19.1,22.24,0.0,22.6,0.0,0.0,147.75,266.5,23.37142857142857,0.0,0.0,7,22.75,22.678571428571427
2017-07-26,342.0,14.63,22.18,0.0,22.2,0.0,0.0,147.75,266.25,23.292857142857144,0.0,0.0,7,22.75,22.70714285714286
2017-07-27,341.75,12.61,22.19,0.5,21.8,0.0,0.0,148.25,266.75,22.985714285714288,0.0,0.0,7,22.25,22.621428571428574
2017-07-28,341.44,11.14,21.74,3.25,21.05,0.0,0.0,151.5,270.0,22.292857142857144,0.0,0.0,7,19.0,22.599999999999998
2017-07-29,341.17,12.09,20.96,14.75,22.1,0.0,0.0,77.0,284.75,22.00714285714286,0.0,0.0,7,4.25,22.842857142857145
2017-07-30,340.88,10.54,20.93,0.0,23.65,0.0,0.0,21.5,281.5,22.185714285714287,0.0,0.0,7,4.25,23.17142857142857
2017-07-31,340.54,9.33,21.73,3.0,24.05,0.0,0.0,21.5,281.75,22.49285714285714,0.0,0.0,7,1.25,23.37857142857143
2017-08-01,340.15,8.13,22.12,1.25,23.9,0.0,0.0,22.75,282.75,22.678571428571427,0.0,0.0,8,10.25,23.321428571428573
2017-08-02,339.71,7.24,22.03,0.0,22.4,0.0,0.0,22.75,240.0,22.70714285714286,0.0,0.0,8,15.25,23.035714285714285
2017-08-03,339.25,6.56,21.97,0.0,21.200000000000003,0.0,0.0,22.25,233.0,22.621428571428574,0.0,0.0,8,15.75,22.964285714285715
2017-08-04,338.77,6.18,21.95,0.0,20.9,0.0,0.0,19.0,226.5,22.599999999999998,0.0,0.0,8,16.25,23.028571428571432
2017-08-05,338.28,6.11,21.86,0.0,23.799999999999997,0.0,0.0,4.25,226.5,22.842857142857145,0.0,0.0,8,22.0,22.685714285714287
2017-08-06,337.77,5.75,21.8,0.0,25.95,0.0,0.0,4.25,226.5,23.17142857142857,0.0,0.0,8,28.5,22.228571428571428
2017-08-07,337.27,6.32,21.72,0.0,25.5,0.0,0.0,1.25,226.5,23.37857142857143,0.0,0.0,8,32.25,21.72142857142857
2017-08-08,337.25,53.73,20.7,10.25,23.5,0.0,0.0,10.25,236.75,23.321428571428573,0.0,0.0,8,23.5,21.442857142857143
2017-08-09,338.69,51.65,20.76,5.0,20.4,0.0,0.0,15.25,237.25,23.035714285714285,0.0,0.0,8,18.75,21.50714285714286
2017-08-10,339.2,28.37,21.48,0.5,20.700000000000003,0.0,0.0,15.75,237.75,22.964285714285715,0.0,0.0,8,18.25,21.72142857142857
2017-08-11,339.23,18.53,21.49,0.5,21.35,0.0,0.0,16.25,237.75,23.028571428571432,0.0,0.0,8,22.25,21.814285714285717
2017-08-12,339.14,20.19,21.5,5.75,21.4,0.0,0.0,22.0,235.5,22.685714285714287,0.0,0.0,8,17.0,21.807142857142857
2017-08-13,339.1,18.89,21.5,6.5,22.75,0.0,0.0,28.5,242.0,22.228571428571428,0.0,0.0,8,16.25,21.621428571428574
2017-08-14,339.04,20.21,21.5,3.75,21.950000000000003,0.0,0.0,32.25,245.75,21.72142857142857,0.0,0.0,8,12.5,21.592857142857145
2017-08-15,338.96,18.91,21.48,1.5,21.549999999999997,0.0,0.0,23.5,225.75,21.442857142857143,0.0,0.0,8,20.5,21.82857142857143
2017-08-16,338.88,18.59,20.84,0.25,20.85,0.0,0.0,18.75,209.5,21.50714285714286,0.0,0.0,8,46.5,22.300000000000004
2017-08-17,338.93,25.08,20.25,0.0,22.2,0.0,0.0,18.25,204.5,21.72142857142857,0.0,0.0,8,79.0,22.535714285714285
2017-08-18,339.07,23.59,20.02,4.5,22.0,0.0,0.0,22.25,209.0,21.814285714285717,0.0,0.0,8,95.25,22.914285714285715
2017-08-19,339.14,20.59,19.93,0.5,21.35,0.0,0.0,17.0,209.5,21.807142857142857,0.0,0.0,8,95.0,22.87857142857143
2017-08-20,339.1,16.98,19.92,5.75,21.45,0.0,0.0,16.25,215.25,21.621428571428574,0.0,0.0,8,89.25,22.72857142857143
2017-08-21,338.97,14.3,19.45,0.0,21.75,0.0,0.0,12.5,126.0,21.592857142857145,0.0,0.0,8,89.25,22.53571428571429
2017-08-22,338.87,23.54,19.03,9.5,23.200000000000003,0.0,0.0,20.5,80.0,21.82857142857143,0.0,0.0,8,88.75,22.314285714285713
2017-08-23,339.18,26.17,18.64,26.25,24.15,0.0,0.0,46.5,103.25,22.300000000000004,0.0,0.0,8,62.75,21.728571428571428
2017-08-24,339.31,27.12,18.91,32.5,23.85,0.0,0.0,79.0,135.75,22.535714285714285,0.0,0.0,8,34.5,20.7
2017-08-25,340.19,56.82,18.31,20.75,24.65,0.0,0.0,95.25,156.5,22.914285714285715,0.0,0.0,8,13.75,19.857142857142858
2017-08-26,340.86,28.25,17.86,0.25,21.1,0.0,0.0,95.0,156.25,22.87857142857143,0.0,0.0,8,13.5,19.328571428571426
2017-08-27,341.01,19.27,17.93,0.0,20.4,0.0,0.0,89.25,153.0,22.72857142857143,0.0,0.0,8,13.5,18.985714285714288
2017-08-28,340.99,15.37,17.38,0.0,20.4,0.0,0.0,89.25,138.25,22.53571428571429,0.0,0.0,8,14.5,18.75
2017-08-29,340.9,13.39,17.08,9.0,21.65,0.0,0.0,88.75,147.25,22.314285714285713,0.0,0.0,8,5.5,18.37857142857143
2017-08-30,340.78,12.41,17.1,0.25,20.049999999999997,0.0,0.0,62.75,144.5,21.728571428571428,0.0,0.0,8,6.25,18.3
2017-08-31,340.63,12.04,17.07,4.25,16.65,0.0,0.0,34.5,147.5,20.7,0.0,0.0,8,18.25,18.714285714285715
2017-09-01,340.47,10.06,15.42,0.0,18.75,0.0,0.0,13.75,147.5,19.857142857142858,0.0,0.0,9,19.5,18.985714285714288
2017-09-02,340.33,9.48,14.51,0.0,17.4,0.0,0.0,13.5,147.5,19.328571428571426,0.0,0.0,9,19.5,19.528571428571432
2017-09-03,340.16,8.47,14.5,0.0,18.0,0.0,0.0,13.5,147.5,18.985714285714288,0.0,0.0,9,20.25,19.735714285714288
2017-09-04,339.97,7.92,14.49,1.0,18.75,0.0,0.0,14.5,148.5,18.75,0.0,0.0,9,37.25,19.75
2017-09-05,339.75,6.92,14.48,0.0,19.049999999999997,0.0,0.0,5.5,148.5,18.37857142857143,0.0,0.0,9,90.25,20.00714285714286
2017-09-06,339.52,6.57,14.46,1.0,19.5,0.0,0.0,6.25,149.5,18.3,0.0,0.0,9,95.25,20.22142857142857
2017-09-07,339.27,6.88,14.44,16.25,19.55,0.0,0.0,18.25,155.5,18.714285714285715,0.0,0.0,9,80.5,19.985714285714288
2017-09-08,339.06,7.29,14.12,1.25,20.65,0.0,0.0,19.5,151.75,18.985714285714288,0.0,0.0,9,80.0,19.528571428571432
2017-09-09,338.83,5.77,13.49,0.0,21.200000000000003,0.0,0.0,19.5,151.25,19.528571428571432,0.0,0.0,9,80.0,18.807142857142857
2017-09-10,338.58,5.1,13.47,0.75,19.45,0.0,0.0,20.25,151.5,19.735714285714288,0.0,0.0,9,86.5,18.514285714285712
2017-09-11,338.4,6.17,7.14,18.0,18.85,0.0,0.0,37.25,163.75,19.75,0.0,0.0,9,86.0,18.821428571428573
2017-09-12,338.92,27.92,3.71,53.0,20.85,0.0,0.0,90.25,210.25,20.00714285714286,0.0,0.0,9,34.75,18.614285714285717
2017-09-13,339.32,11.47,2.93,6.0,21.0,0.0,0.0,95.25,212.5,20.22142857142857,0.0,0.0,9,48.75,18.185714285714287
2017-09-14,339.55,9.91,3.01,1.5,17.9,0.0,0.0,80.5,212.5,19.985714285714288,0.0,0.0,9,48.0,18.242857142857144
2017-09-15,339.74,9.01,3.75,0.75,17.45,0.0,0.0,80.0,213.0,19.528571428571432,0.0,0.0,9,47.25,18.142857142857142
2017-09-16,339.88,8.01,3.74,0.0,16.15,0.0,0.0,80.0,213.0,18.807142857142857,0.0,0.0,9,50.0,18.435714285714287
2017-09-17,340.01,10.76,3.81,7.25,17.4,0.0,0.0,86.5,215.75,18.514285714285712,0.0,0.0,9,42.75,18.592857142857145
2017-09-18,342.39,130.2,15.95,17.5,21.0,0.0,0.0,86.0,232.75,18.821428571428573,0.0,0.0,9,25.25,18.142857142857142
2017-09-19,343.67,31.2,20.84,1.75,19.4,0.0,0.0,34.75,228.75,18.614285714285717,0.0,0.0,9,23.5,17.914285714285715
2017-09-20,343.77,23.65,21.51,20.0,18.0,0.0,0.0,48.75,248.75,18.185714285714287,0.0,0.0,9,5.0,17.964285714285715
2017-09-21,343.86,23.25,22.18,0.75,18.3,0.0,0.0,48.0,240.0,18.242857142857144,0.0,0.0,9,30.75,17.414285714285715
2017-09-22,343.78,16.64,21.64,0.0,16.75,0.0,0.0,47.25,213.75,18.142857142857142,0.0,0.0,9,32.0,16.664285714285715
2017-09-23,343.67,17.29,20.86,2.75,18.2,0.0,0.0,50.0,184.0,18.435714285714287,0.0,0.0,9,41.0,15.67857142857143
2017-09-24,343.52,13.48,19.91,0.0,18.5,0.0,0.0,42.75,163.25,18.592857142857145,0.0,0.0,9,41.5,14.971428571428573
2017-09-25,343.33,11.65,18.8,0.0,17.85,0.0,0.0,25.25,163.0,18.142857142857142,0.0,0.0,9,41.5,14.62857142857143
2017-09-26,343.12,10.05,17.88,0.0,17.8,0.0,0.0,23.5,163.0,17.914285714285715,0.0,0.0,9,41.75,14.207142857142859
2017-09-27,342.9,10.02,17.36,1.5,18.35,0.0,0.0,5.0,164.5,17.964285714285715,0.0,0.0,9,44.5,12.992857142857144
2017-09-28,342.76,15.55,17.29,26.5,14.45,0.0,0.0,30.75,182.0,17.414285714285715,0.0,0.0,9,18.0,12.414285714285715
2017-09-29,342.68,10.59,14.08,1.25,11.5,0.0,0.0,32.0,183.0,16.664285714285715,0.0,0.0,9,16.75,12.492857142857144
2017-09-30,342.68,12.06,9.62,11.75,11.3,0.0,0.0,41.0,190.5,15.67857142857143,0.0,0.0,9,16.5,13.185714285714287
2017-10-01,342.67,10.57,15.1,0.5,13.55,0.0,0.0,41.5,191.0,14.971428571428573,0.0,0.0,10,16.0,13.814285714285717
2017-10-02,342.57,9.51,7.77,0.0,15.45,0.0,0.0,41.5,191.0,14.62857142857143,0.0,0.0,10,16.5,14.092857142857143
2017-10-03,342.73,8.84,2.56,0.25,14.850000000000001,0.0,0.0,41.75,191.25,14.207142857142859,0.0,0.0,10,24.75,14.335714285714287
2017-10-04,342.89,8.64,4.11,4.25,9.85,0.0,0.0,44.5,194.5,12.992857142857144,0.0,0.0,10,45.75,14.792857142857144
2017-10-05,342.99,7.78,4.97,0.0,10.4,0.0,0.0,18.0,194.5,12.414285714285715,0.0,0.0,10,52.5,15.435714285714287
2017-10-06,343.06,7.61,5.84,0.0,12.05,0.0,0.0,16.75,193.5,12.492857142857144,0.0,0.0,10,58.25,15.335714285714285
2017-10-07,343.15,12.17,6.81,11.5,16.15,0.0,0.0,16.5,188.75,13.185714285714287,0.0,0.0,10,46.75,14.792857142857144
2017-10-08,343.27,9.32,6.82,0.0,17.950000000000003,0.0,0.0,16.0,187.5,13.814285714285717,0.0,0.0,10,46.75,13.792857142857144
2017-10-09,343.33,8.61,6.82,0.5,17.4,0.0,0.0,16.5,188.0,14.092857142857143,0.0,0.0,10,46.25,12.471428571428572
2017-10-10,343.37,8.93,7.86,8.5,16.55,0.0,0.0,24.75,195.75,14.335714285714287,0.0,0.0,10,39.0,11.578571428571431
2017-10-11,343.4,10.28,8.49,25.25,13.05,0.0,0.0,45.75,203.0,14.792857142857144,0.0,0.0,10,13.75,10.900000000000002
2017-10-12,343.49,15.24,14.88,6.75,14.9,0.0,0.0,52.5,156.75,15.435714285714287,0.0,0.0,10,7.0,9.92857142857143
2017-10-13,343.47,18.74,17.31,5.75,11.35,0.0,0.0,58.25,156.5,15.335714285714285,0.0,0.0,10,8.25,9.964285714285717
2017-10-14,343.47,13.75,13.04,0.0,12.350000000000001,0.0,0.0,46.75,155.0,14.792857142857144,0.0,0.0,10,14.5,10.242857142857144
2017-10-15,343.51,11.22,10.51,0.0,10.95,0.0,0.0,46.75,154.25,13.792857142857144,0.0,0.0,10,55.75,10.75
2017-10-16,343.52,10.15,10.51,0.0,8.15,0.0,0.0,46.25,154.25,12.471428571428572,0.0,0.0,10,99.25,11.064285714285717
2017-10-17,343.49,9.07,10.5,1.25,10.3,0.0,0.0,39.0,148.25,11.578571428571431,0.0,0.0,10,98.0,10.942857142857145
2017-10-18,343.45,8.67,10.46,0.0,8.3,0.0,0.0,13.75,130.75,10.900000000000002,0.0,0.0,10,98.0,10.964285714285714
2017-10-19,343.39,7.96,10.46,0.0,8.1,0.0,0.0,7.0,129.0,9.92857142857143,0.0,0.0,10,98.0,11.350000000000003
2017-10-20,343.34,11.9,10.47,7.0,11.6,0.0,0.0,8.25,116.0,9.964285714285717,0.0,0.0,10,91.0,11.257142857142856
2017-10-21,343.49,20.01,14.65,6.25,14.3,0.0,0.0,14.5,121.5,10.242857142857144,0.0,0.0,10,84.75,11.057142857142859
2017-10-22,343.85,45.41,17.28,41.25,14.5,0.0,0.0,55.75,162.75,10.75,0.0,0.0,10,81.75,10.678571428571429
2017-10-23,345.45,100.19,18.57,43.5,10.350000000000001,0.0,0.0,99.25,203.5,11.064285714285717,0.0,0.0,10,52.5,10.37857142857143
2017-10-24,346.78,41.53,25.27,0.0,9.45,0.0,0.0,98.0,203.5,10.942857142857145,0.0,0.0,10,52.5,10.407142857142858
2017-10-25,346.89,24.11,26.43,0.0,8.45,0.0,0.0,98.0,203.5,10.964285714285714,0.0,0.0,10,52.75,10.621428571428572
2017-10-26,346.76,18.12,25.09,0.0,10.8,0.0,0.0,98.0,203.5,11.350000000000003,0.0,0.0,10,52.75,10.957142857142857
2017-10-27,346.56,14.65,23.17,0.0,10.95,0.0,0.0,91.0,202.0,11.257142857142856,0.0,0.0,10,52.75,11.214285714285714
2017-10-28,346.33,12.41,21.31,0.0,12.899999999999999,0.0,0.0,84.75,175.5,11.057142857142859,0.0,0.0,10,55.5,10.771428571428572
2017-10-29,346.19,22.88,20.17,38.25,11.850000000000001,0.0,0.0,81.75,212.5,10.678571428571429,0.0,0.0,10,20.75,10.150000000000002
2017-10-30,346.77,54.61,25.19,14.25,8.25,0.0,0.0,52.5,215.0,10.37857142857143,0.0,0.0,10,6.5,10.414285714285715
2017-10-31,347.1,29.97,28.8,0.0,9.65,0.0,0.0,52.5,214.5,10.407142857142858,0.0,0.0,10,6.5,10.542857142857144
2017-11-01,347.0,21.58,27.79,0.25,9.95,0.0,0.0,52.75,214.75,10.621428571428572,0.0,0.0,11,14.5,10.821428571428571
2017-11-02,346.8,17.14,25.66,0.0,13.149999999999999,0.0,0.0,52.75,214.5,10.957142857142857,0.0,0.0,11,17.0,10.207142857142859
2017-11-03,346.58,14.12,23.41,0.0,12.75,0.0,0.0,52.75,210.25,11.214285714285714,0.0,0.0,11,17.0,9.485714285714286
2017-11-04,346.35,13.28,21.41,2.75,9.8,0.0,0.0,55.5,213.0,10.771428571428572,0.0,0.0,11,29.0,9.114285714285716
2017-11-05,346.14,12.1,19.83,3.5,7.5,0.0,0.0,20.75,216.5,10.150000000000002,0.0,0.0,11,25.5,8.807142857142859
2017-11-06,345.95,11.43,18.66,0.0,10.1,0.0,0.0,6.5,205.0,10.414285714285715,0.0,0.0,11,25.5,8.242857142857144
2017-11-07,345.76,10.54,17.77,0.0,10.55,0.0,0.0,6.5,205.0,10.542857142857144,0.0,0.0,11,32.0,7.621428571428573
2017-11-08,345.57,11.15,17.26,8.25,11.9,0.0,0.0,14.5,212.75,10.821428571428571,0.0,0.0,11,29.5,6.935714285714286
2017-11-09,345.52,16.49,17.24,2.5,8.85,0.0,0.0,17.0,206.75,10.207142857142859,0.0,0.0,11,32.0,6.200000000000001
2017-11-10,345.43,12.38,17.24,0.0,7.699999999999999,0.0,0.0,17.0,181.5,9.485714285714286,0.0,0.0,11,32.5,5.507142857142858
2017-11-11,345.37,19.5,17.26,14.75,7.2,0.0,0.0,29.0,189.5,9.114285714285716,0.0,0.0,11,21.25,5.092857142857143
2017-11-12,345.42,16.9,17.27,0.0,5.35,0.0,0.0,25.5,183.75,8.807142857142859,0.0,0.0,11,41.5,4.300000000000001
2017-11-13,345.37,14.37,17.36,0.0,6.15,0.0,0.0,25.5,183.75,8.242857142857144,0.0,0.0,11,45.5,3.407142857142858
2017-11-14,345.27,13.63,17.37,6.5,6.199999999999999,0.0,0.0,32.0,190.25,7.621428571428573,0.0,0.0,11,40.75,2.5857142857142863
2017-11-15,345.19,14.37,17.36,5.75,7.1,0.0,0.0,29.5,196.0,6.935714285714286,0.0,0.0,11,35.0,1.8714285714285723
2017-11-16,345.1,13.62,17.35,5.0,3.6999999999999997,0.0,0.0,32.0,199.75,6.200000000000001,0.0,0.0,11,32.25,1.8142857142857152
2017-11-17,344.98,12.19,17.34,0.5,2.8499999999999996,0.0,0.0,32.5,200.25,5.507142857142858,0.0,0.0,11,46.25,1.4785714285714293
2017-11-18,344.83,11.51,17.39,3.5,4.3,0.0,0.0,21.25,203.75,5.092857142857143,0.0,0.0,11,51.25,0.8785714285714296
2017-11-19,344.69,12.61,17.39,20.25,-0.20000000000000007,24.5,26.5,41.5,217.0,4.300000000000001,0.8166666666666667,26.5,11,46.5,1.1142857142857154
2017-11-20,344.53,11.13,17.38,4.0,-0.09999999999999998,24.0,4.0,45.5,214.75,3.407142857142858,1.6166666666666667,30.5,11,42.75,1.1357142857142868
2017-11-21,344.35,10.04,17.39,1.75,0.44999999999999996,21.5,3.5,40.75,175.25,2.5857142857142863,2.3333333333333335,34.0,11,41.0,1.0285714285714296
2017-11-22,344.14,9.7,17.39,0.0,2.1,17.0,0.0,35.0,131.75,1.8714285714285723,2.9,34.0,11,41.75,1.2785714285714296
2017-11-23,343.93,10.59,17.38,2.25,3.3,11.5,0.0,32.25,134.0,1.8142857142857152,3.283333333333333,34.0,11,39.5,1.0285714285714296
2017-11-24,343.75,10.93,17.36,14.5,0.49999999999999994,24.0,18.5,46.25,148.5,1.4785714285714293,4.083333333333333,52.5,11,30.5,0.8857142857142868
2017-11-25,343.56,9.94,17.44,8.5,0.10000000000000003,31.0,9.5,51.25,157.0,0.8785714285714296,5.116666666666666,62.0,11,23.75,0.7928571428571439
2017-11-26,343.39,10.63,13.13,15.5,1.4500000000000002,28.0,4.5,46.5,172.5,1.1142857142857154,6.05,40.0,11,11.5,0.7642857142857152
2017-11-27,343.38,9.84,10.55,0.25,0.050000000000000044,21.0,0.0,42.75,172.75,1.1357142857142868,6.75,36.0,11,14.5,1.1285714285714297
2017-11-28,343.35,9.48,10.55,0.0,-0.30000000000000004,18.0,0.0,41.0,134.5,1.0285714285714296,7.35,32.5,11,17.25,1.5285714285714298
2017-11-29,343.36,14.11,10.54,0.75,3.85,16.0,0.0,41.75,121.0,1.2785714285714296,7.883333333333334,32.5,11,19.0,0.7642857142857152
2017-11-30,343.53,15.54,10.54,0.0,1.55,13.5,0.5,39.5,121.0,1.0285714285714296,8.333333333333334,33.0,11,19.5,0.5285714285714296
2017-12-01,343.63,12.32,7.68,5.5,-0.5,26.5,14.0,30.5,126.25,0.8857142857142868,9.216666666666667,28.5,12,15.75,0.8071428571428582
2017-12-02,343.77,10.25,5.96,1.75,-0.55,28.5,2.5,23.75,128.0,0.7928571428571439,10.166666666666666,21.5,12,17.75,0.7428571428571439
2017-12-03,343.88,9.9,5.97,3.25,1.25,24.0,3.0,11.5,131.25,0.7642857142857152,10.966666666666667,20.0,12,14.75,0.6428571428571439
2017-12-04,344.01,10.64,6.0,3.25,2.6,18.5,1.5,14.5,131.75,1.1285714285714297,11.583333333333334,21.5,12,21.5,0.4428571428571439
2017-12-05,344.14,10.8,6.02,2.75,2.5,14.5,0.5,17.25,131.0,1.5285714285714298,12.066666666666666,22.0,12,35.5,-0.23571428571428468
2017-12-06,344.24,9.34,6.03,2.5,-1.5,19.0,7.0,19.0,133.5,0.7642857142857152,12.7,29.0,12,42.25,-0.2785714285714275
2017-12-07,344.33,8.6,6.03,0.5,-0.09999999999999998,18.5,2.0,19.5,134.0,0.5285714285714296,13.316666666666666,30.5,12,46.25,-0.2642857142857133
2017-12-08,344.39,8.6,6.03,1.75,1.45,15.5,0.0,15.75,127.5,0.8071428571428582,13.833333333333334,16.5,12,46.25,-0.37857142857142756
2017-12-09,344.45,7.52,6.05,3.75,-1.0,21.0,7.0,17.75,128.75,0.7428571428571439,14.533333333333333,21.0,12,45.25,-0.09999999999999896
2017-12-10,344.49,7.52,6.05,0.25,0.5499999999999999,21.0,0.0,14.75,129.0,0.6428571428571439,15.233333333333333,18.0,12,49.0,-0.4499999999999989
2017-12-11,344.53,7.89,6.05,10.0,1.2,20.0,5.0,21.5,124.25,0.4428571428571439,15.9,21.5,12,45.75,-0.7428571428571419
2017-12-12,344.59,8.27,6.06,16.75,-2.25,42.0,27.5,35.5,141.0,-0.23571428571428468,17.3,48.5,12,38.25,-0.5428571428571418
2017-12-13,344.64,7.52,6.05,9.25,-1.8,53.5,16.5,42.25,150.25,-0.2785714285714275,19.083333333333332,58.0,12,29.25,-0.5428571428571418
2017-12-14,344.67,6.79,6.05,4.5,0.0,51.5,5.0,46.25,148.25,-0.2642857142857133,20.8,61.0,12,24.75,-0.9642857142857133
2017-12-15,344.68,6.42,6.05,1.75,0.6499999999999999,44.0,2.5,46.25,144.25,-0.37857142857142756,22.266666666666666,63.5,12,25.0,-1.0142857142857131
2017-12-16,344.69,6.05,6.05,2.75,0.9500000000000001,37.0,2.0,45.25,142.0,-0.09999999999999896,23.5,58.5,12,31.5,-0.9428571428571416
2017-12-17,344.7,6.05,6.05,4.0,-1.9,46.0,16.5,49.0,145.5,-0.4499999999999989,25.033333333333335,75.0,12,27.5,-0.4785714285714275
2017-12-18,344.7,6.19,5.09,6.75,-0.85,46.0,7.5,45.75,148.75,-0.7428571428571419,26.566666666666666,77.5,12,32.5,-0.17142857142857032
2017-12-19,344.75,6.34,4.5,9.25,-0.85,48.5,12.5,38.25,137.75,-0.5428571428571418,27.366666666666667,62.5,12,36.5,-0.4857142857142846
2017-12-20,344.79,5.58,4.48,0.25,-1.8,48.0,1.5,29.25,134.0,-0.5428571428571418,28.166666666666668,47.5,12,47.5,-0.8857142857142846
2017-12-21,344.81,5.23,4.49,0.0,-2.9499999999999997,44.0,0.0,24.75,132.25,-0.9642857142857133,28.916666666666668,42.5,12,52.5,-0.7999999999999989
2017-12-22,344.83,4.87,4.5,2.0,0.30000000000000004,41.5,0.0,25.0,134.25,-1.0142857142857131,29.733333333333334,40.0,12,54.25,-1.0214285714285702
2017-12-23,344.86,6.34,4.5,9.25,1.4500000000000002,39.0,1.5,31.5,141.25,-0.9428571428571416,30.65,39.5,12,45.5,-1.5642857142857132
2017-12-24,344.9,5.96,4.49,0.0,1.35,34.5,0.0,27.5,126.75,-0.4785714285714275,31.0,23.0,12,45.75,-2.335714285714285
2017-12-25,344.98,9.25,4.47,11.75,1.3,44.0,11.5,32.5,130.0,-0.17142857142857032,31.433333333333334,27.0,12,42.5,-2.399999999999999
2017-12-26,345.1,8.19,4.46,13.25,-3.05,72.0,30.5,36.5,127.75,-0.4857142857142846,32.9,45.0,12,36.5,-1.9857142857142847
2017-12-27,345.2,7.45,4.46,11.25,-4.6,87.5,24.0,47.5,138.75,-0.8857142857142846,35.11666666666667,67.5,12,32.0,-1.6785714285714275
2017-12-28,345.27,7.72,5.48,5.0,-2.3499999999999996,93.0,11.0,52.5,143.75,-0.7999999999999989,37.61666666666667,78.5,12,29.5,-1.5071428571428562
2017-12-29,345.3,6.44,6.07,3.75,-1.25,86.5,6.5,54.25,146.75,-1.0214285714285702,39.96666666666667,85.0,12,26.25,-1.4428571428571417
2017-12-30,345.3,6.63,7.38,0.5,-2.35,82.0,0.5,45.5,147.25,-1.5642857142857132,42.25,84.0,12,29.5,-1.1142857142857134
2017-12-31,345.25,5.91,8.15,0.25,-4.05,75.5,0.5,45.75,142.0,-2.335714285714285,43.88333333333333,84.5,12,29.5,-0.599999999999999
2018-01-01,345.2,6.63,8.13,8.5,0.8500000000000001,69.5,2.0,42.5,148.75,-2.399999999999999,45.25,75.0,1,22.0,-0.8428571428571419
2018-01-02,345.15,5.89,8.13,7.25,-0.15000000000000002,72.5,14.5,36.5,152.75,-1.9857142857142847,46.86666666666667,59.0,1,28.0,-0.549999999999999
2018-01-03,345.09,5.89,8.13,6.75,-2.45,83.5,13.5,32.0,156.25,-1.6785714285714275,49.03333333333333,48.5,1,32.0,-0.39999999999999897
2018-01-04,345.03,5.34,6.81,2.5,-1.15,77.5,3.0,29.5,156.0,-1.5071428571428562,51.13333333333333,40.5,1,30.5,-0.8142857142857132
2018-01-05,345.0,4.93,6.03,0.5,-0.8,73.5,1.0,26.25,154.0,-1.4428571428571417,52.95,35.0,1,31.5,-1.6285714285714277
2018-01-06,344.99,5.44,5.07,3.75,-0.050000000000000044,76.5,8.0,29.5,157.25,-1.1142857142857134,54.88333333333333,42.5,1,28.25,-2.049999999999999
2018-01-07,344.99,4.13,4.5,0.25,-0.44999999999999996,75.5,0.5,29.5,155.75,-0.599999999999999,56.88333333333333,42.5,1,28.0,-2.5999999999999988
2018-01-08,344.99,4.5,4.5,1.0,-0.85,72.0,0.0,22.0,153.0,-0.8428571428571419,58.583333333333336,40.5,1,34.0,-3.0499999999999985
2018-01-09,345.01,6.34,4.5,13.25,1.9000000000000001,68.0,5.5,28.0,166.0,-0.549999999999999,60.15,31.5,1,25.25,-3.092857142857142
2018-01-10,345.07,6.73,4.5,10.75,-1.4,81.5,20.0,32.0,166.75,-0.39999999999999897,62.2,38.0,1,24.75,-2.557142857142856
2018-01-11,345.11,5.24,4.49,1.0,-4.05,76.5,1.5,30.5,151.0,-0.8142857142857132,63.35,36.5,1,29.25,-1.5785714285714276
2018-01-12,345.14,5.62,4.5,1.5,-6.5,73.5,5.5,31.5,143.25,-1.6285714285714277,64.01666666666667,41.0,1,28.0,-0.6499999999999989
2018-01-13,345.16,4.87,4.5,0.5,-3.0,74.5,1.5,28.25,139.25,-2.049999999999999,64.78333333333333,34.5,1,28.0,-0.5142857142857132
2018-01-14,345.16,4.87,4.5,0.0,-4.3,69.0,0.0,28.0,137.5,-2.5999999999999988,65.61666666666666,34.0,1,28.5,-0.19285714285714178
2018-01-15,345.17,4.87,4.5,7.0,-4.0,68.5,2.5,34.0,141.75,-3.0499999999999985,66.66666666666667,36.5,1,24.0,-0.2214285714285704
2018-01-16,345.18,4.5,4.5,4.5,1.5999999999999999,67.0,1.5,25.25,142.25,-3.092857142857142,67.36666666666666,32.5,1,28.25,-0.7785714285714275
2018-01-17,345.19,5.83,5.46,10.25,2.35,66.0,3.0,24.75,145.75,-2.557142857142856,68.03333333333333,15.5,1,32.0,-2.0714285714285703
2018-01-18,345.18,5.67,6.04,5.5,2.8,62.0,1.0,29.25,142.0,-1.5785714285714276,68.48333333333333,15.0,1,41.0,-3.399999999999999
2018-01-19,345.18,5.67,6.04,0.25,0.0,59.0,0.0,28.0,142.0,-0.6499999999999989,68.85,9.5,1,47.5,-4.292857142857142
2018-01-20,345.16,5.29,6.04,0.5,-2.05,58.0,1.0,28.0,142.5,-0.5142857142857132,69.31666666666666,9.0,1,47.75,-4.692857142857142
2018-01-21,345.15,5.67,6.04,0.5,-2.05,59.5,2.0,28.5,141.0,-0.19285714285714178,69.91666666666667,11.0,1,48.0,-4.757142857142855
2018-01-22,345.12,4.91,6.03,2.5,-4.2,62.0,5.0,24.0,134.25,-0.2214285714285704,70.68333333333334,13.5,1,49.25,-4.728571428571428
2018-01-23,345.1,5.28,6.03,8.75,-2.3,74.5,16.0,28.25,143.0,-0.7785714285714275,72.01666666666667,28.0,1,46.0,-5.192857142857142
2018-01-24,345.08,5.28,6.03,14.0,-6.7,103.0,29.0,32.0,145.25,-2.0714285714285703,73.98333333333333,54.0,1,35.0,-4.578571428571427
2018-01-25,345.07,5.45,5.08,14.5,-6.5,124.0,26.5,41.0,146.5,-3.399999999999999,75.71666666666667,79.5,1,20.5,-4.228571428571428
2018-01-26,345.08,4.87,4.5,6.75,-6.25,132.5,11.0,47.5,142.0,-4.292857142857142,77.21666666666667,90.5,1,13.75,-4.264285714285713
2018-01-27,345.07,4.34,5.46,0.75,-4.85,122.0,3.5,47.75,137.75,-4.692857142857142,78.18333333333334,93.0,1,18.75,-3.6571428571428557
2018-01-28,345.04,4.18,6.02,0.75,-2.5,118.5,1.0,48.0,134.75,-4.757142857142855,79.25,92.0,1,20.25,-3.4785714285714278
2018-01-29,344.99,4.55,6.02,3.75,-4.0,118.0,7.5,49.25,138.0,-4.728571428571428,80.45,94.5,1,21.25,-3.2428571428571424
2018-01-30,344.96,4.41,4.78,5.5,-5.55,124.0,13.5,46.0,143.25,-5.192857142857142,82.06666666666666,92.0,1,20.25,-2.778571428571428
2018-01-31,344.96,4.04,4.04,3.0,-2.4000000000000004,125.5,7.0,35.0,137.75,-4.578571428571427,83.93333333333334,70.0,1,21.5,-2.707142857142856
2018-02-01,344.96,4.04,4.04,0.0,-4.05,115.5,0.0,20.5,130.5,-4.228571428571428,85.36666666666666,43.5,2,24.0,-2.5999999999999988
2018-02-02,344.95,3.67,4.04,0.0,-6.5,107.0,0.0,13.75,123.75,-4.264285714285713,86.15,32.5,2,24.5,-1.899999999999999
2018-02-03,344.95,4.04,4.04,5.75,-0.6000000000000001,108.0,7.5,18.75,127.0,-3.6571428571428557,87.16666666666667,36.5,2,20.25,-1.7357142857142847
2018-02-04,344.94,3.67,4.04,2.25,-1.25,109.5,5.5,20.25,128.75,-3.4785714285714278,88.36666666666666,41.0,2,26.0,-1.6857142857142848
2018-02-05,344.94,3.65,4.02,4.75,-2.35,116.5,13.5,21.25,129.75,-3.2428571428571424,89.7,47.0,2,29.75,-2.2285714285714273
2018-02-06,344.93,3.87,3.87,4.5,-2.3,120.5,7.0,20.25,134.0,-2.778571428571428,91.2,40.5,2,32.25,-2.6785714285714275
2018-02-07,344.93,3.77,3.77,4.25,-1.9,123.0,6.0,21.5,137.25,-2.707142857142856,92.9,39.5,2,47.0,-2.521428571428571
2018-02-08,344.92,3.39,3.76,2.5,-3.3,119.5,6.0,24.0,126.5,-2.5999999999999988,94.61666666666666,45.5,2,49.0,-2.307142857142856
2018-02-09,344.92,3.38,3.75,0.5,-1.6,119.5,2.0,24.5,116.25,-1.899999999999999,95.88333333333334,47.5,2,51.75,-2.47142857142857
2018-02-10,344.91,3.38,3.75,1.5,0.55,115.0,0.5,20.25,116.75,-1.7357142857142847,97.16666666666667,40.5,2,60.75,-3.2857142857142847
2018-02-11,344.91,4.49,3.75,8.0,-0.8999999999999999,118.0,11.0,26.0,123.25,-1.6857142857142848,98.65,46.0,2,55.75,-3.8428571428571416
2018-02-12,344.92,3.75,3.75,8.5,-6.15,129.0,11.5,29.75,131.25,-2.2285714285714273,100.46666666666667,44.0,2,48.25,-3.4428571428571417
2018-02-13,344.92,3.99,3.99,7.0,-5.449999999999999,140.0,13.0,32.25,138.25,-2.6785714285714275,102.83333333333333,50.0,2,44.25,-3.0428571428571414
2018-02-14,344.91,4.13,4.13,19.0,-0.8,142.5,7.5,47.0,150.25,-2.521428571428571,105.3,51.5,2,27.25,-3.52142857142857
2018-02-15,344.92,4.14,4.14,4.5,-1.7999999999999998,135.0,10.5,49.0,150.25,-2.307142857142856,107.56666666666666,56.0,2,22.75,-4.221428571428571
2018-02-16,344.91,3.05,4.15,3.25,-2.75,142.0,7.5,51.75,143.25,-2.47142857142857,110.1,61.5,2,23.5,-4.414285714285714
2018-02-17,344.89,4.52,4.15,10.5,-5.15,148.0,19.0,60.75,148.25,-3.2857142857142847,112.96666666666667,80.0,2,14.0,-4.12142857142857
2018-02-18,344.89,3.42,4.16,3.0,-4.8,153.0,11.5,55.75,151.0,-3.8428571428571416,116.1,80.5,2,11.0,-3.9142857142857133
2018-02-19,344.87,3.43,4.17,1.0,-3.3499999999999996,150.0,3.5,48.25,151.5,-3.4428571428571417,119.16666666666667,72.5,2,10.0,-3.7999999999999994
2018-02-20,344.85,3.07,4.17,3.0,-2.6500000000000004,147.0,9.5,44.25,154.0,-3.0428571428571414,122.08333333333333,69.0,2,11.0,-3.7071428571428564
2018-02-21,344.82,3.43,4.17,2.0,-4.15,145.0,6.0,27.25,153.5,-3.52142857142857,124.85,67.5,2,10.25,-3.007142857142856
2018-02-22,344.8,3.07,4.17,0.0,-6.7,143.0,0.0,22.75,144.75,-4.221428571428571,127.13333333333334,57.0,2,44.25,-1.599999999999999
2018-02-23,344.77,3.43,4.17,4.0,-4.1,140.5,6.5,23.5,134.75,-4.414285714285714,128.38333333333333,56.0,2,45.75,-1.257142857142856
2018-02-24,344.75,3.07,4.17,1.0,-3.0999999999999996,140.0,2.0,14.0,121.25,-4.12142857142857,128.91666666666666,39.0,2,44.75,-0.6214285714285703
2018-02-25,344.72,3.07,4.17,0.0,-3.3499999999999996,139.0,2.0,11.0,114.5,-3.9142857142857133,129.13333333333333,29.5,2,44.75,0.4285714285714296
2018-02-26,344.68,3.06,4.16,0.0,-2.55,135.5,0.0,10.0,113.75,-3.7999999999999994,129.58333333333334,26.0,2,66.25,1.0285714285714296
2018-02-27,344.65,3.06,4.16,4.0,-2.0,140.0,9.5,11.0,117.0,-3.7071428571428564,130.3,26.0,2,62.25,1.1357142857142866
2018-02-28,344.63,3.05,4.15,1.25,0.75,141.5,2.0,10.25,114.5,-3.007142857142856,131.08333333333334,22.0,2,61.0,0.7857142857142867
2018-03-01,344.62,11.02,11.39,34.0,3.1500000000000004,130.5,1.5,44.25,143.0,-1.599999999999999,131.3,23.5,3,38.75,0.8500000000000009
2018-03-02,344.53,10.69,17.31,5.5,-1.7000000000000002,135.0,13.0,45.75,145.5,-1.257142857142856,131.61666666666667,30.0,3,66.0,1.8642857142857154
2018-03-03,344.28,7.37,17.3,0.0,1.35,133.0,0.0,44.75,145.5,-0.6214285714285703,132.2,28.0,3,66.0,1.850000000000001
2018-03-04,344.01,8.33,17.35,0.0,4.0,123.0,0.0,44.75,145.5,0.4285714285714296,132.73333333333332,26.0,3,66.0,1.5928571428571439
2018-03-05,343.85,14.49,17.35,21.5,1.6500000000000001,119.5,5.5,66.25,161.25,1.0285714285714296,133.11666666666667,31.5,3,44.75,1.4428571428571437
2018-03-06,343.76,12.44,17.44,0.0,-1.25,119.5,1.0,62.25,159.0,1.1357142857142866,133.45,23.0,3,44.75,2.000000000000001
2018-03-07,343.6,9.27,14.27,0.0,-1.7000000000000002,115.5,0.0,61.0,154.25,0.7857142857142867,133.41666666666666,21.0,3,44.75,2.9285714285714297
2018-03-08,343.46,10.79,15.43,11.75,3.6,113.5,0.0,38.75,161.5,0.8500000000000009,133.18333333333334,19.5,3,33.0,3.6214285714285723
2018-03-09,344.63,107.23,17.46,32.75,5.4,107.5,0.0,66.0,190.0,1.8642857142857154,132.66666666666666,6.5,3,1.5,3.307142857142858
2018-03-10,346.28,45.11,20.87,0.0,1.25,98.5,0.0,66.0,187.5,1.850000000000001,131.96666666666667,6.5,3,1.5,3.1214285714285723
2018-03-11,346.51,23.63,22.86,0.0,2.2,94.5,0.0,66.0,187.0,1.5928571428571439,131.13333333333333,6.5,3,1.5,2.9928571428571438
2018-03-12,346.46,18.14,22.4,0.25,0.6000000000000001,94.0,1.5,44.75,185.75,1.4428571428571437,130.43333333333334,2.5,3,1.25,3.5428571428571436
2018-03-13,346.3,14.52,21.1,0.0,2.65,93.5,0.0,44.75,177.75,2.000000000000001,129.61666666666667,1.5,3,1.25,3.2642857142857156
2018-03-14,346.18,19.36,20.13,0.0,4.8,91.0,0.0,44.75,169.25,2.9285714285714297,128.35,1.5,3,1.25,2.6428571428571437
2018-03-15,346.31,34.66,21.11,0.0,8.45,90.0,0.0,33.0,162.25,3.6214285714285723,126.68333333333334,1.5,3,25.25,1.742857142857144
2018-03-16,346.94,51.14,27.01,1.25,3.2,86.0,0.0,1.5,144.5,3.307142857142858,124.8,1.5,3,24.25,1.7928571428571438
2018-03-17,347.17,28.06,29.66,0.0,-0.050000000000000044,85.0,0.0,1.5,140.0,3.1214285714285723,123.13333333333334,1.5,3,24.25,2.4500000000000006
2018-03-18,347.03,20.23,28.05,0.0,1.3,83.5,0.0,1.5,136.75,2.9928571428571438,121.18333333333334,1.5,3,24.25,3.035714285714287
2018-03-19,346.82,18.85,25.82,0.0,4.45,82.0,0.0,1.25,126.25,3.5428571428571436,118.98333333333333,0.0,3,24.25,3.4571428571428586
2018-03-20,346.68,18.51,24.32,0.0,0.7,78.5,0.0,1.25,123.25,3.2642857142857156,116.5,0.0,3,24.25,4.450000000000001
2018-03-21,346.5,15.38,22.73,0.0,0.45000000000000007,77.5,0.0,1.25,122.25,2.6428571428571437,114.08333333333333,0.0,3,24.25,5.628571428571429
2018-03-22,346.34,16.36,21.39,24.0,2.1500000000000004,77.0,0.5,25.25,143.25,1.742857142857144,111.75,0.5,3,0.25,6.550000000000002
2018-03-23,346.19,13.67,20.25,0.25,3.55,76.5,0.0,24.25,141.5,1.7928571428571438,109.46666666666667,0.5,3,0.0,6.757142857142859
2018-03-24,346.02,12.97,19.08,0.0,4.55,76.0,0.0,24.25,141.5,2.4500000000000006,107.23333333333333,0.5,3,0.0,6.82857142857143
2018-03-25,345.88,14.12,18.3,0.0,5.4,74.0,0.0,24.25,137.5,3.035714285714287,105.01666666666667,0.5,3,0.0,6.921428571428572
2018-03-26,345.84,21.92,18.12,0.0,7.4,71.0,0.0,24.25,136.5,3.4571428571428586,102.71666666666667,0.5,3,0.25,7.078571428571429
2018-03-27,346.07,30.62,19.48,0.0,7.65,67.0,0.0,24.25,136.5,4.450000000000001,100.31666666666666,0.5,3,0.25,7.342857142857143
2018-03-28,346.4,38.19,21.93,0.0,8.7,64.5,0.0,24.25,136.5,5.628571428571429,97.95,0.5,3,8.5,6.935714285714286
2018-03-29,346.9,46.9,26.64,0.0,8.600000000000001,61.0,0.0,0.25,132.5,6.550000000000002,95.31666666666666,0.0,3,8.5,6.357142857142857
2018-03-30,347.36,42.69,31.89,0.0,5.0,58.0,0.0,0.0,131.25,6.757142857142859,92.53333333333333,0.0,3,22.75,6.064285714285715
2018-03-31,347.44,31.78,32.98,0.0,5.05,55.5,0.0,0.0,97.25,6.82857142857143,90.03333333333333,0.0,3,25.25,6.050000000000002
2018-04-01,347.35,26.69,31.89,0.0,6.05,54.0,0.0,0.0,91.75,6.921428571428572,87.33333333333333,0.0,4,27.75,5.714285714285715
2018-04-02,347.28,34.61,31.01,0.25,8.5,53.0,0.0,0.25,92.0,7.078571428571429,84.66666666666667,0.0,4,34.5,4.9785714285714295
2018-04-03,347.5,48.89,33.69,0.0,9.5,50.5,0.0,0.25,92.0,7.342857142857143,82.25,0.0,4,34.5,4.421428571428573
2018-04-04,348.13,70.51,42.55,8.25,5.85,47.0,0.5,8.5,78.75,6.935714285714286,79.83333333333333,0.5,4,26.5,4.742857142857143
2018-04-05,348.47,45.91,47.96,0.0,4.55,45.5,0.0,8.5,78.75,6.357142857142857,77.36666666666666,0.5,4,26.75,5.464285714285715
2018-04-06,348.28,37.7,45.07,14.25,2.95,45.0,0.0,22.75,93.0,6.064285714285715,75.01666666666667,0.5,4,12.75,5.957142857142858
2018-04-07,348.26,47.48,44.61,2.5,4.95,44.0,0.0,25.25,83.75,6.050000000000002,72.7,0.5,4,19.75,6.114285714285715
2018-04-08,348.18,34.55,43.55,2.5,3.7,43.0,1.5,27.75,53.5,5.714285714285715,70.55,2.0,4,33.75,6.6071428571428585
2018-04-09,347.89,26.58,39.38,7.0,3.3499999999999996,45.5,2.5,34.5,60.5,4.9785714285714295,68.78333333333333,4.5,4,28.0,6.9142857142857155
2018-04-10,347.57,22.06,34.86,0.0,5.6,43.5,0.0,34.5,60.5,4.421428571428573,67.08333333333333,4.5,4,28.0,7.2285714285714295
2018-04-11,347.29,23.25,31.25,0.25,8.1,40.5,0.0,26.5,60.5,4.742857142857143,65.3,4.0,4,28.25,7.457142857142857
2018-04-12,347.26,36.85,30.85,0.25,9.6,39.5,0.0,26.75,60.75,5.464285714285715,63.5,4.0,4,28.0,7.864285714285715
2018-04-13,347.41,33.92,32.72,0.25,6.3999999999999995,35.0,0.5,12.75,61.0,5.957142857142858,61.63333333333333,4.5,4,27.75,8.535714285714286
2018-04-14,347.32,26.07,31.67,9.5,6.050000000000001,32.0,0.0,19.75,70.5,6.114285714285715,59.7,4.5,4,18.25,9.721428571428573
2018-04-15,347.4,50.95,32.54,16.5,7.15,28.0,0.0,33.75,85.75,6.6071428571428585,57.766666666666666,3.0,4,1.75,10.757142857142856
2018-04-16,347.89,46.84,39.24,1.25,5.5,22.5,0.0,28.0,87.0,6.9142857142857155,55.68333333333333,0.5,4,0.5,11.47857142857143
2018-04-17,347.83,32.38,38.38,0.0,7.800000000000001,20.5,0.0,28.0,87.0,7.2285714285714295,53.583333333333336,0.5,4,11.75,11.814285714285715
2018-04-18,347.72,35.31,36.91,0.5,9.7,17.5,0.0,28.25,87.5,7.457142857142857,51.43333333333333,0.5,4,19.0,11.678571428571429
2018-04-19,347.83,51.99,38.39,0.0,12.45,14.5,0.0,28.0,87.5,7.864285714285715,49.3,0.5,4,20.75,11.285714285714288
2018-04-20,348.17,54.49,43.44,0.0,11.1,9.0,0.0,27.75,87.5,8.535714285714286,47.016666666666666,0.0,4,20.75,11.364285714285714
2018-04-21,348.45,61.71,47.78,0.0,14.35,5.0,0.0,18.25,63.5,9.721428571428573,44.61666666666667,0.0,4,20.75,10.900000000000002
2018-04-22,348.76,61.01,52.82,0.0,14.4,0.0,0.0,1.75,63.25,10.757142857142856,42.06666666666667,0.0,4,20.75,10.857142857142858
2018-04-23,348.81,47.1,53.66,0.0,10.55,0.0,0.0,0.5,63.25,11.47857142857143,39.53333333333333,0.0,4,20.75,11.62857142857143
2018-04-24,348.63,48.76,51.22,11.25,10.149999999999999,0.0,0.0,11.75,74.5,11.814285714285715,37.06666666666667,0.0,4,9.5,12.521428571428572
2018-04-25,348.7,58.3,52.56,7.75,8.75,0.0,0.0,19.0,82.25,11.678571428571429,34.7,0.0,4,5.0,13.542857142857143
2018-04-26,348.82,57.4,54.53,1.75,9.7,0.0,0.0,20.75,84.0,11.285714285714288,32.46666666666667,0.0,4,25.5,14.100000000000003
2018-04-27,348.74,44.81,53.41,0.0,11.649999999999999,0.0,0.0,20.75,84.0,11.364285714285714,30.316666666666666,0.0,4,31.75,13.700000000000001
2018-04-28,348.56,45.55,50.47,0.0,11.1,0.0,0.0,20.75,84.0,10.900000000000002,28.283333333333335,0.0,4,40.0,13.792857142857144
2018-04-29,348.43,44.27,48.37,0.0,14.1,0.0,0.0,20.75,84.0,10.857142857142858,26.35,0.0,4,40.0,13.928571428571429
2018-04-30,348.41,49.14,47.91,0.0,15.950000000000001,0.0,0.0,20.75,84.0,11.62857142857143,24.5,0.0,4,41.5,13.635714285714288
2018-05-01,348.47,53.71,49.2,0.0,16.4,0.0,0.0,9.5,84.0,12.521428571428572,22.7,0.0,5,42.25,12.750000000000002
2018-05-02,348.54,51.05,50.64,3.25,15.9,0.0,0.0,5.0,87.0,13.542857142857143,20.933333333333334,0.0,5,39.25,11.792857142857143
2018-05-03,348.94,78.15,55.97,22.25,13.600000000000001,0.0,0.0,25.5,109.25,14.100000000000003,19.25,0.0,5,27.0,11.021428571428572
2018-05-04,348.96,42.5,56.49,6.25,8.85,0.0,0.0,31.75,107.25,13.700000000000001,17.683333333333334,0.0,5,20.75,11.707142857142859
2018-05-05,348.63,43.08,52.09,8.25,11.75,0.0,0.0,40.0,115.5,13.792857142857144,16.166666666666668,0.0,5,12.5,12.285714285714288
2018-05-06,348.44,41.25,49.03,0.0,15.05,0.0,0.0,40.0,101.25,13.928571428571429,14.666666666666666,0.0,5,12.5,12.364285714285716
2018-05-07,348.24,36.94,45.95,1.5,13.9,0.0,0.0,41.5,100.25,13.635714285714288,13.2,0.0,5,14.5,12.285714285714288
2018-05-08,348.02,31.33,42.61,0.75,10.2,0.0,0.0,42.25,98.5,12.750000000000002,11.766666666666667,0.0,5,13.75,13.314285714285717
2018-05-09,347.7,24.81,38.01,0.25,9.2,0.0,0.0,39.25,91.75,11.792857142857143,10.25,0.0,5,13.5,14.871428571428572
2018-05-10,347.39,24.8,34.0,10.0,8.2,0.0,0.0,27.0,101.75,11.021428571428572,8.8,0.0,5,38.0,16.17142857142857
2018-05-11,347.25,30.09,32.09,0.0,13.65,0.0,0.0,20.75,101.5,11.707142857142859,7.45,0.0,5,114.5,15.98571428571429
2018-05-12,347.22,29.66,31.66,0.0,15.8,0.0,0.0,12.5,101.25,12.285714285714288,6.133333333333334,0.0,5,142.25,15.042857142857144
2018-05-13,347.17,28.28,31.08,0.0,15.600000000000001,0.0,0.0,12.5,101.0,12.364285714285716,4.966666666666667,0.0,5,142.25,14.450000000000001
2018-05-14,347.13,30.65,30.65,3.5,13.35,0.0,0.0,14.5,95.0,12.285714285714288,3.9,0.0,5,138.75,14.642857142857144
2018-05-15,347.13,32.23,30.63,0.0,17.4,0.0,0.0,13.75,78.5,13.314285714285717,2.966666666666667,0.0,5,138.75,14.492857142857146
2018-05-16,347.22,36.95,31.75,0.0,20.1,0.0,0.0,13.5,77.25,14.871428571428572,2.216666666666667,0.0,5,139.5,13.878571428571432
2018-05-17,347.7,66.19,37.78,34.5,17.3,0.0,0.0,38.0,111.75,16.17142857142857,1.5333333333333334,0.0,5,105.0,13.685714285714287
2018-05-18,348.47,89.3,48.79,76.5,12.35,0.0,0.0,114.5,187.75,15.98571428571429,0.95,0.0,5,28.5,14.164285714285715
2018-05-19,349.61,93.81,62.27,27.75,9.2,0.0,0.0,142.25,215.5,15.042857142857144,0.4666666666666667,0.0,5,0.75,15.178571428571429
2018-05-20,349.58,45.59,62.03,0.0,11.45,0.0,0.0,142.25,215.5,14.450000000000001,0.16666666666666666,0.0,5,0.75,15.828571428571431
2018-05-21,349.08,35.83,57.08,0.0,14.7,0.0,0.0,138.75,215.5,14.642857142857144,0.0,0.0,5,0.75,16.121428571428574
2018-05-22,348.59,31.64,50.9,0.0,16.35,0.0,0.0,138.75,215.5,14.492857142857146,0.0,0.0,5,0.75,16.62857142857143
2018-05-23,348.15,26.68,44.19,0.75,15.8,0.0,0.0,139.5,216.25,13.878571428571432,0.0,0.0,5,0.0,17.121428571428574
2018-05-24,347.77,24.94,38.94,0.0,15.95,0.0,0.0,105.0,205.0,13.685714285714287,0.0,0.0,5,22.0,17.364285714285717
2018-05-25,347.44,22.51,34.51,0.0,15.7,0.0,0.0,28.5,197.25,14.164285714285715,0.0,0.0,5,30.5,17.29285714285714
2018-05-26,347.16,20.69,31.07,0.0,16.3,0.0,0.0,0.75,195.5,15.178571428571429,0.0,0.0,5,30.5,17.428571428571427
2018-05-27,346.92,19.35,28.25,0.0,16.0,0.0,0.0,0.75,195.5,15.828571428571431,0.0,0.0,5,30.5,17.95
2018-05-28,346.7,17.8,25.93,0.0,16.75,0.0,0.0,0.75,195.5,16.121428571428574,0.0,0.0,5,30.5,18.642857142857142
2018-05-29,346.51,17.52,24.1,0.0,19.9,0.0,0.0,0.75,195.5,16.62857142857143,0.0,0.0,5,30.5,18.685714285714287
2018-05-30,346.35,16.1,22.68,0.0,19.25,0.0,0.0,0.0,195.5,17.121428571428574,0.0,0.0,5,30.5,18.885714285714283
2018-05-31,346.27,22.06,22.06,22.0,17.65,0.0,0.0,22.0,217.5,17.364285714285717,0.0,0.0,5,8.5,19.464285714285715
2018-06-01,346.29,23.38,22.22,8.5,15.2,0.0,0.0,30.5,222.75,17.29285714285714,0.0,0.0,6,0.0,20.35
2018-06-02,346.25,18.06,21.93,0.0,17.25,0.0,0.0,30.5,200.5,17.428571428571427,0.0,0.0,6,5.75,20.50714285714286
2018-06-03,346.12,15.59,21.0,0.0,19.65,0.0,0.0,30.5,194.25,17.95,0.0,0.0,6,5.75,19.764285714285716
2018-06-04,345.98,14.74,20.06,0.0,21.6,0.0,0.0,30.5,186.0,18.642857142857142,0.0,0.0,6,17.0,18.935714285714287
2018-06-05,345.83,13.16,19.25,0.0,20.200000000000003,0.0,0.0,30.5,186.0,18.685714285714287,0.0,0.0,6,39.0,17.97857142857143
2018-06-06,345.66,11.4,18.69,0.0,20.65,0.0,0.0,30.5,184.5,18.885714285714283,0.0,0.0,6,43.75,16.82857142857143
2018-06-07,345.46,11.06,18.54,0.0,21.700000000000003,0.0,0.0,8.5,183.75,19.464285714285715,0.0,0.0,6,44.5,15.614285714285716
2018-06-08,345.25,9.93,18.54,0.0,21.4,0.0,0.0,0.0,183.5,20.35,0.0,0.0,6,44.5,14.507142857142858
2018-06-09,345.04,10.73,18.5,5.75,18.35,0.0,0.0,5.75,179.25,20.50714285714286,0.0,0.0,6,38.75,13.85714285714286
2018-06-10,344.8,9.38,18.57,0.0,14.45,0.0,0.0,5.75,179.25,19.764285714285716,0.0,0.0,6,38.75,13.835714285714287
2018-06-11,344.58,13.63,18.41,11.25,15.8,0.0,0.0,17.0,190.5,18.935714285714287,0.0,0.0,6,27.5,14.05
2018-06-12,344.59,20.54,18.33,22.0,13.5,0.0,0.0,39.0,212.5,17.97857142857143,0.0,0.0,6,5.5,14.964285714285714
2018-06-13,344.62,19.9,19.53,4.75,12.600000000000001,0.0,0.0,43.75,213.75,16.82857142857143,0.0,0.0,6,1.75,15.799999999999999
2018-06-14,344.62,19.43,20.53,0.75,13.2,0.0,0.0,44.5,214.5,15.614285714285716,0.0,0.0,6,1.75,16.685714285714287
2018-06-15,344.52,14.98,20.5,0.0,13.649999999999999,0.0,0.0,44.5,214.5,14.507142857142858,0.0,0.0,6,1.75,17.514285714285712
2018-06-16,344.33,12.74,20.46,0.0,13.8,0.0,0.0,38.75,180.0,13.85714285714286,0.0,0.0,6,1.75,18.357142857142858
2018-06-17,344.1,11.33,20.43,0.0,14.3,0.0,0.0,38.75,103.5,13.835714285714287,0.0,0.0,6,1.75,19.307142857142857
2018-06-18,343.84,10.81,20.46,0.0,17.299999999999997,0.0,0.0,27.5,75.75,14.05,0.0,0.0,6,1.75,19.571428571428573
2018-06-19,343.56,9.28,19.64,0.0,19.9,0.0,0.0,5.5,75.75,14.964285714285714,0.0,0.0,6,1.75,19.557142857142857
2018-06-20,343.29,9.97,18.55,1.0,18.45,0.0,0.0,1.75,76.75,15.799999999999999,0.0,0.0,6,51.5,19.900000000000002
2018-06-21,343.05,9.34,18.54,0.75,19.4,0.0,0.0,1.75,77.5,16.685714285714287,0.0,0.0,6,53.75,20.400000000000002
2018-06-22,342.77,8.49,18.26,0.0,19.45,0.0,0.0,1.75,76.75,17.514285714285712,0.0,0.0,6,58.0,21.107142857142858
2018-06-23,342.49,7.32,17.43,0.0,19.7,0.0,0.0,1.75,76.75,18.357142857142858,0.0,0.0,6,59.5,21.814285714285717
2018-06-24,342.19,6.97,17.42,0.0,20.950000000000003,0.0,0.0,1.75,76.75,19.307142857142857,0.0,0.0,6,59.5,22.535714285714285
2018-06-25,341.89,6.83,17.43,0.0,19.15,0.0,0.0,1.75,76.75,19.571428571428573,0.0,0.0,6,59.5,23.635714285714283
2018-06-26,341.57,6.21,17.5,0.0,19.8,0.0,0.0,1.75,76.75,19.557142857142857,0.0,0.0,6,59.5,24.58571428571429
2018-06-27,341.31,15.44,17.49,50.75,20.85,0.0,0.0,51.5,127.5,19.900000000000002,0.0,0.0,6,22.75,24.964285714285715
2018-06-28,341.37,16.22,17.59,3.0,22.9,0.0,0.0,53.75,130.5,20.400000000000002,0.0,0.0,6,24.0,24.62857142857143
2018-06-29,341.2,10.66,17.5,4.25,24.4,0.0,0.0,58.0,134.75,21.107142857142858,0.0,0.0,6,26.25,23.607142857142858
2018-06-30,340.99,9.54,17.28,1.5,24.65,0.0,0.0,59.5,114.25,21.814285714285717,0.0,0.0,6,50.5,22.62142857142857
2018-07-01,340.74,7.79,16.84,0.0,26.0,0.0,0.0,59.5,105.75,22.535714285714285,0.0,0.0,7,52.75,21.792857142857144
2018-07-02,340.45,6.76,17.15,0.0,26.85,0.0,0.0,59.5,105.75,23.635714285714283,0.0,0.0,7,52.75,21.392857142857142
2018-07-03,340.13,6.22,16.89,0.0,26.45,0.0,0.0,59.5,105.75,24.58571428571429,0.0,0.0,7,52.75,21.185714285714287
2018-07-04,339.83,7.53,16.4,14.0,23.5,0.0,0.0,22.75,119.75,24.964285714285715,0.0,0.0,7,39.25,20.985714285714288
2018-07-05,339.57,7.52,16.39,4.25,20.549999999999997,0.0,0.0,24.0,124.0,24.62857142857143,0.0,0.0,7,53.0,20.88571428571429
2018-07-06,339.27,6.85,17.04,6.5,17.25,0.0,0.0,26.25,130.5,23.607142857142858,0.0,0.0,7,72.75,21.75
2018-07-07,339.2,19.62,17.32,25.75,17.75,0.0,0.0,50.5,156.25,22.62142857142857,0.0,0.0,7,47.0,22.792857142857144
2018-07-08,339.13,12.4,17.31,2.25,20.2,0.0,0.0,52.75,158.5,21.792857142857144,0.0,0.0,7,44.75,23.464285714285715
2018-07-09,338.96,11.08,17.19,0.0,24.05,0.0,0.0,52.75,152.75,21.392857142857142,0.0,0.0,7,44.75,23.557142857142857
2018-07-10,338.71,8.95,19.25,0.0,25.0,0.0,0.0,52.75,152.75,21.185714285714287,0.0,0.0,7,45.5,23.264285714285712
2018-07-11,338.34,7.66,20.21,0.5,22.1,0.0,0.0,39.25,142.0,20.985714285714288,0.0,0.0,7,45.0,23.685714285714287
2018-07-12,337.95,8.79,20.17,18.0,19.85,0.0,0.0,53.0,138.0,20.88571428571429,0.0,0.0,7,27.0,24.528571428571432
2018-07-13,337.84,23.34,20.19,26.25,23.299999999999997,0.0,0.0,72.75,159.5,21.75,0.0,0.0,7,0.75,24.928571428571427
2018-07-14,337.8,13.91,20.2,0.0,25.05,0.0,0.0,47.0,158.75,22.792857142857144,0.0,0.0,7,0.75,25.085714285714285
2018-07-15,337.53,10.47,20.22,0.0,24.9,0.0,0.0,44.75,158.75,23.464285714285715,0.0,0.0,7,0.75,25.342857142857145
2018-07-16,337.2,9.15,20.13,0.0,24.7,0.0,0.0,44.75,158.75,23.557142857142857,0.0,0.0,7,0.75,25.3
2018-07-17,336.83,8.08,20.08,0.75,22.95,0.0,0.0,45.5,159.5,23.264285714285712,0.0,0.0,7,0.0,25.485714285714288
2018-07-18,336.43,7.43,20.05,0.0,25.05,0.0,0.0,45.0,159.5,23.685714285714287,0.0,0.0,7,0.0,25.47142857142857
2018-07-19,335.99,6.89,21.16,0.0,25.75,0.0,0.0,27.0,159.5,24.528571428571432,0.0,0.0,7,0.0,25.37142857142857
2018-07-20,335.5,6.4,20.87,0.0,26.1,0.0,0.0,0.75,158.5,24.928571428571427,0.0,0.0,7,0.0,25.064285714285717
2018-07-21,335.05,5.43,18.84,0.0,26.15,0.0,0.0,0.75,157.75,25.085714285714285,0.0,0.0,7,0.0,24.82857142857143
2018-07-22,334.6,5.53,18.81,0.0,26.700000000000003,0.0,0.0,0.75,157.75,25.342857142857145,0.0,0.0,7,7.75,24.75714285714286
2018-07-23,334.14,5.44,20.07,0.0,24.4,0.0,0.0,0.75,157.75,25.3,0.0,0.0,7,7.75,25.157142857142862
2018-07-24,333.59,5.21,21.66,0.0,24.25,0.0,0.0,0.0,157.75,25.485714285714288,0.0,0.0,7,7.75,25.57857142857143
2018-07-25,333.0,4.77,21.58,0.0,24.950000000000003,0.0,0.0,0.0,157.75,25.47142857142857,0.0,0.0,7,7.75,25.764285714285716
2018-07-26,332.41,4.56,21.5,0.0,25.05,0.0,0.0,0.0,157.75,25.37142857142857,0.0,0.0,7,7.75,25.907142857142862
2018-07-27,331.81,4.41,20.2,0.0,23.950000000000003,0.0,0.0,0.0,107.0,25.064285714285717,0.0,0.0,7,7.75,25.907142857142862
2018-07-28,331.29,4.6,18.42,0.0,24.5,0.0,0.0,0.0,104.0,24.82857142857143,0.0,0.0,7,7.75,25.792857142857144
2018-07-29,330.96,14.08,18.41,7.75,26.2,0.0,0.0,7.75,107.5,24.75714285714286,0.0,0.0,7,49.25,25.05
2018-07-30,330.72,10.08,20.37,0.0,27.200000000000003,0.0,0.0,7.75,106.0,25.157142857142862,0.0,0.0,7,60.5,23.842857142857145
2018-07-31,330.24,7.64,21.67,0.0,27.2,0.0,0.0,7.75,106.0,25.57857142857143,0.0,0.0,7,61.0,22.650000000000002
2018-08-01,329.69,6.01,21.61,0.0,26.25,0.0,0.0,7.75,106.0,25.764285714285716,0.0,0.0,8,61.0,22.271428571428572
2018-08-02,329.08,5.35,21.56,0.0,26.049999999999997,0.0,0.0,7.75,106.0,25.907142857142862,0.0,0.0,8,61.5,22.00714285714286
2018-08-03,328.44,4.7,21.47,0.0,23.95,0.0,0.0,7.75,92.0,25.907142857142862,0.0,0.0,8,63.5,22.107142857142858
2018-08-04,327.78,4.42,21.37,0.0,23.700000000000003,0.0,0.0,7.75,87.75,25.792857142857144,0.0,0.0,8,65.5,22.121428571428574
2018-08-05,327.22,14.7,21.26,49.25,21.0,0.0,0.0,49.25,130.5,25.05,0.0,0.0,8,16.25,22.47142857142857
2018-08-06,328.94,82.48,20.16,11.25,18.75,0.0,0.0,60.5,116.0,23.842857142857145,0.0,0.0,8,5.0,23.278571428571432
2018-08-07,329.76,25.03,19.48,0.5,18.85,0.0,0.0,61.0,114.25,22.650000000000002,0.0,0.0,8,4.5,24.178571428571434
2018-08-08,329.81,18.05,19.37,0.0,23.6,0.0,0.0,61.0,114.25,22.271428571428572,0.0,0.0,8,6.5,24.62142857142857
2018-08-09,329.99,34.09,19.11,0.5,24.200000000000003,0.0,0.0,61.5,114.75,22.00714285714286,0.0,0.0,8,97.75,24.2
2018-08-10,330.53,28.33,19.93,2.0,24.65,0.0,0.0,63.5,116.25,22.107142857142858,0.0,0.0,8,104.25,23.157142857142855
2018-08-11,330.69,22.66,21.58,2.0,23.8,0.0,0.0,65.5,100.25,22.121428571428574,0.0,0.0,8,102.25,22.28571428571429
2018-08-12,330.63,18.05,21.57,0.0,23.45,0.0,0.0,16.25,74.0,22.47142857142857,0.0,0.0,8,102.25,21.557142857142857
2018-08-13,330.43,13.97,21.55,0.0,24.4,0.0,0.0,5.0,74.0,23.278571428571432,0.0,0.0,8,102.25,21.071428571428573
2018-08-14,330.07,10.81,21.52,0.0,25.15,0.0,0.0,4.5,74.0,24.178571428571434,0.0,0.0,8,102.25,20.871428571428574
2018-08-15,329.64,9.6,21.24,2.0,26.700000000000003,0.0,0.0,6.5,76.0,24.62142857142857,0.0,0.0,8,100.25,20.87857142857143
2018-08-16,330.03,58.09,20.84,91.75,21.25,0.0,0.0,97.75,167.0,24.2,0.0,0.0,8,8.5,21.771428571428572
2018-08-17,331.68,62.89,21.11,8.5,17.35,0.0,0.0,104.25,175.5,23.157142857142855,0.0,0.0,8,3.0,22.95
2018-08-18,332.58,31.96,21.51,0.0,17.7,0.0,0.0,102.25,175.5,22.28571428571429,0.0,0.0,8,5.0,24.099999999999998
2018-08-19,332.72,20.98,21.54,0.0,18.35,0.0,0.0,102.25,175.5,21.557142857142857,0.0,0.0,8,12.25,24.842857142857145
2018-08-20,332.6,16.58,21.66,0.0,21.0,0.0,0.0,102.25,175.5,21.071428571428573,0.0,0.0,8,12.25,24.95
2018-08-21,332.4,13.98,19.34,0.0,23.75,0.0,0.0,102.25,175.5,20.871428571428574,0.0,0.0,8,16.0,24.42142857142857
2018-08-22,332.2,11.41,17.9,0.0,26.75,0.0,0.0,100.25,175.5,20.87857142857143,0.0,0.0,8,16.75,23.564285714285713
2018-08-23,331.93,9.28,17.87,0.0,27.5,0.0,0.0,8.5,175.5,21.771428571428572,0.0,0.0,8,26.25,22.67142857142857
2018-08-24,331.61,8.71,17.84,3.0,25.6,0.0,0.0,3.0,178.5,22.95,0.0,0.0,8,49.25,22.035714285714285
2018-08-25,331.27,8.13,17.81,2.0,25.75,0.0,0.0,5.0,180.5,24.099999999999998,0.0,0.0,8,47.25,21.357142857142858
2018-08-26,330.92,8.81,17.77,7.25,23.55,0.0,0.0,12.25,187.75,24.842857142857145,0.0,0.0,8,40.0,20.864285714285717
2018-08-27,330.59,7.72,17.74,0.0,21.75,0.0,0.0,12.25,187.75,24.95,0.0,0.0,8,40.0,20.792857142857144
2018-08-28,330.26,10.41,17.72,3.75,20.05,0.0,0.0,16.0,183.75,24.42142857142857,0.0,0.0,8,53.0,21.342857142857145
2018-08-29,329.99,10.52,17.71,0.75,20.75,0.0,0.0,16.75,184.5,23.564285714285713,0.0,0.0,8,64.75,21.807142857142857
2018-08-30,329.71,10.81,17.69,9.5,21.25,0.0,0.0,26.25,194.0,22.67142857142857,0.0,0.0,8,55.25,22.085714285714285
2018-08-31,330.77,84.09,17.19,26.0,21.15,0.0,0.0,49.25,220.0,22.035714285714285,0.0,0.0,8,32.25,22.014285714285712
2018-09-01,332.46,35.0,17.22,0.0,21.0,0.0,0.0,47.25,220.0,21.357142857142858,0.0,0.0,9,37.25,21.900000000000002
2018-09-02,332.77,20.38,16.99,0.0,20.1,0.0,0.0,40.0,220.0,20.864285714285717,0.0,0.0,9,68.5,21.321428571428573
2018-09-03,332.8,15.57,16.7,0.0,21.25,0.0,0.0,40.0,220.0,20.792857142857144,0.0,0.0,9,77.0,20.62857142857143
2018-09-04,332.74,20.05,16.38,16.75,23.9,0.0,0.0,53.0,187.5,21.342857142857145,0.0,0.0,9,60.25,19.692857142857143
2018-09-05,333.74,50.31,16.36,12.5,24.0,0.0,0.0,64.75,188.75,21.807142857142857,0.0,0.0,9,47.75,18.592857142857145
2018-09-06,334.21,22.24,16.04,0.0,23.2,0.0,0.0,55.25,188.25,22.085714285714285,0.0,0.0,9,47.75,17.942857142857143
2018-09-07,334.31,16.32,15.43,3.0,20.65,0.0,0.0,32.25,191.25,22.014285714285712,0.0,0.0,9,44.75,18.028571428571432
2018-09-08,334.31,14.48,15.37,5.0,20.2,0.0,0.0,37.25,195.75,21.900000000000002,0.0,0.0,9,39.75,18.064285714285713
2018-09-09,334.3,17.67,15.31,31.25,16.05,0.0,0.0,68.5,225.0,21.321428571428573,0.0,0.0,9,15.0,18.871428571428574
2018-09-10,334.42,18.2,14.95,8.5,16.4,0.0,0.0,77.0,231.5,20.62857142857143,0.0,0.0,9,18.75,19.24285714285714
2018-09-11,334.63,15.71,5.97,0.0,17.35,0.0,0.0,60.25,231.5,19.692857142857143,0.0,0.0,9,18.75,19.057142857142857
2018-09-12,335.0,13.28,2.9,0.0,16.3,0.0,0.0,47.75,231.5,18.592857142857145,0.0,0.0,9,18.75,19.07857142857143
2018-09-13,335.32,11.91,3.17,0.0,18.65,0.0,0.0,47.75,231.5,17.942857142857143,0.0,0.0,9,18.75,18.728571428571428
2018-09-14,335.57,11.08,4.45,0.0,21.25,0.0,0.0,44.75,229.5,18.028571428571432,0.0,0.0,9,50.25,18.057142857142857
2018-09-15,335.76,9.56,4.43,0.0,20.45,0.0,0.0,39.75,137.75,18.064285714285713,0.0,0.0,9,77.5,17.742857142857144
2018-09-16,335.9,8.35,4.43,6.5,21.7,0.0,0.0,15.0,135.75,18.871428571428574,0.0,0.0,9,71.0,17.492857142857144
2018-09-17,336.08,9.9,4.42,12.25,19.0,0.0,0.0,18.75,148.0,19.24285714285714,0.0,0.0,9,58.75,17.592857142857145
2018-09-18,336.2,7.5,4.42,0.0,16.05,0.0,0.0,18.75,148.0,19.057142857142857,0.0,0.0,9,63.5,17.535714285714285
2018-09-19,336.28,6.56,4.41,0.0,16.45,0.0,0.0,18.75,148.0,19.07857142857143,0.0,0.0,9,63.5,17.38571428571429
2018-09-20,336.35,5.95,4.41,0.0,16.2,0.0,0.0,18.75,148.0,18.728571428571428,0.0,0.0,9,88.75,16.87857142857143
2018-09-21,336.41,10.87,4.41,31.5,16.55,0.0,0.0,50.25,179.5,18.057142857142857,0.0,0.0,9,57.75,16.742857142857144
2018-09-22,337.6,59.66,4.43,27.25,18.25,0.0,0.0,77.5,206.75,17.742857142857144,0.0,0.0,9,30.75,16.292857142857144
2018-09-23,338.67,22.44,4.42,0.0,19.95,0.0,0.0,71.0,203.75,17.492857142857144,0.0,0.0,9,43.5,15.835714285714287
2018-09-24,339.07,14.47,4.4,0.0,19.7,0.0,0.0,58.75,201.75,17.592857142857145,0.0,0.0,9,79.75,15.821428571428573
2018-09-25,339.35,12.94,4.4,4.75,15.65,0.0,0.0,63.5,199.25,17.535714285714285,0.0,0.0,9,82.75,15.935714285714287
2018-09-26,339.58,10.96,4.39,0.0,15.4,0.0,0.0,63.5,199.25,17.38571428571429,0.0,0.0,9,82.75,16.021428571428572
2018-09-27,339.82,15.9,4.4,25.25,12.65,0.0,0.0,88.75,220.75,16.87857142857143,0.0,0.0,9,57.5,16.32857142857143
2018-09-28,340.26,18.64,7.28,0.5,15.600000000000001,0.0,0.0,57.75,220.5,16.742857142857144,0.0,0.0,9,57.0,16.38571428571429
2018-09-29,340.3,13.48,17.5,0.25,15.1,0.0,0.0,30.75,211.25,16.292857142857144,0.0,0.0,9,57.0,17.064285714285713
2018-09-30,340.19,14.19,17.54,12.75,16.75,0.0,0.0,43.5,198.0,15.835714285714287,0.0,0.0,9,45.25,17.342857142857145
2018-10-01,342.3,125.63,9.26,36.25,19.6,0.0,0.0,79.75,234.25,15.821428571428573,0.0,0.0,10,9.0,16.900000000000002
2018-10-02,344.02,36.07,4.29,7.75,16.45,0.0,0.0,82.75,242.0,15.935714285714287,0.0,0.0,10,1.25,16.785714285714285
2018-10-03,344.68,22.68,4.3,0.0,16.0,0.0,0.0,82.75,242.0,16.021428571428572,0.0,0.0,10,2.75,16.75714285714286
2018-10-04,345.09,16.92,4.31,0.0,14.8,0.0,0.0,57.5,225.25,16.32857142857143,0.0,0.0,10,6.75,16.88571428571429
2018-10-05,345.38,14.04,4.31,0.0,16.0,0.0,0.0,57.0,212.75,16.38571428571429,0.0,0.0,10,8.0,16.614285714285717
2018-10-06,345.61,12.39,4.38,0.25,19.85,0.0,0.0,57.0,213.0,17.064285714285713,0.0,0.0,10,7.75,15.514285714285714
2018-10-07,345.8,11.37,4.9,1.0,18.7,0.0,0.0,45.25,211.0,17.342857142857145,0.0,0.0,10,8.75,14.47857142857143
2018-10-08,345.95,10.2,5.64,0.0,16.5,0.0,0.0,9.0,206.0,16.900000000000002,0.0,0.0,10,8.75,13.892857142857142
2018-10-09,346.05,9.27,6.22,0.0,15.649999999999999,0.0,0.0,1.25,174.75,16.785714285714285,0.0,0.0,10,8.75,13.357142857142858
2018-10-10,346.11,8.96,6.64,1.5,15.8,0.0,0.0,2.75,167.75,16.75714285714286,0.0,0.0,10,7.25,12.692857142857145
2018-10-11,346.15,8.1,6.94,4.0,15.7,0.0,0.0,6.75,171.75,16.88571428571429,0.0,0.0,10,3.25,11.721428571428572
2018-10-12,346.18,8.8,9.96,1.25,14.1,0.0,0.0,8.0,173.0,16.614285714285717,0.0,0.0,10,2.0,11.171428571428573
2018-10-13,345.98,7.44,18.9,0.0,12.15,0.0,0.0,7.75,173.0,15.514285714285714,0.0,0.0,10,2.0,11.271428571428572
2018-10-14,345.7,6.92,17.63,2.0,11.45,0.0,0.0,8.75,175.0,14.47857142857143,0.0,0.0,10,0.0,11.185714285714285
2018-10-15,345.42,6.88,17.36,0.0,12.399999999999999,0.0,0.0,8.75,175.0,13.892857142857142,0.0,0.0,10,0.0,10.792857142857144
2018-10-16,345.15,6.41,13.89,0.0,11.899999999999999,0.0,0.0,8.75,168.5,13.357142857142858,0.0,0.0,10,0.0,10.721428571428573
2018-10-17,345.05,5.31,7.15,0.0,11.149999999999999,0.0,0.0,7.25,156.25,12.692857142857145,0.0,0.0,10,1.0,11.021428571428572
2018-10-18,345.01,5.48,6.22,0.0,8.9,0.0,0.0,3.25,156.25,11.721428571428572,0.0,0.0,10,1.0,11.271428571428572
2018-10-19,345.01,4.75,4.38,0.0,10.25,0.0,0.0,2.0,156.25,11.171428571428573,0.0,0.0,10,1.0,11.285714285714286
2018-10-20,345.03,4.76,4.39,0.0,12.850000000000001,0.0,0.0,2.0,156.25,11.271428571428572,0.0,0.0,10,16.0,11.342857142857143
2018-10-21,345.03,4.77,4.4,0.0,10.850000000000001,0.0,0.0,0.0,124.75,11.185714285714285,0.0,0.0,10,24.0,11.364285714285716
2018-10-22,345.03,4.23,4.23,0.0,9.649999999999999,0.0,0.0,0.0,97.5,10.792857142857144,0.0,0.0,10,29.5,11.37857142857143
2018-10-23,345.04,4.2,3.83,0.0,11.4,0.0,0.0,0.0,97.5,10.721428571428573,0.0,0.0,10,51.25,10.942857142857145
2018-10-24,345.06,4.57,3.83,1.0,13.25,0.0,0.0,1.0,98.5,11.021428571428572,0.0,0.0,10,75.75,10.114285714285716
2018-10-25,345.07,3.83,3.83,0.0,10.65,0.0,0.0,1.0,93.75,11.271428571428572,0.0,0.0,10,76.75,9.72857142857143
2018-10-26,345.07,3.82,3.82,0.0,10.35,0.0,0.0,1.0,93.75,11.285714285714286,0.0,0.0,10,76.75,9.321428571428571
2018-10-27,345.08,4.93,3.81,15.0,13.25,0.0,0.0,16.0,83.5,11.342857142857143,0.0,0.0,10,61.75,8.614285714285716
2018-10-28,345.12,5.29,3.79,8.0,11.0,0.0,0.0,24.0,91.0,11.364285714285716,0.0,0.0,10,53.75,8.37857142857143
2018-10-29,345.15,4.55,3.8,5.5,9.75,0.0,0.0,29.5,96.25,11.37857142857143,0.0,0.0,10,48.25,8.407142857142858
2018-10-30,345.23,13.85,10.48,21.75,8.35,0.0,0.0,51.25,105.25,10.942857142857145,0.0,0.0,10,26.5,8.671428571428573
2018-10-31,345.43,34.37,17.39,25.5,7.449999999999999,0.0,0.0,75.75,94.5,10.114285714285716,0.0,0.0,10,1.0,9.02857142857143
2018-11-01,345.87,28.24,18.35,1.0,7.95,0.0,0.0,76.75,87.75,9.72857142857143,0.0,0.0,11,0.0,9.492857142857144
2018-11-02,345.96,18.09,18.85,0.0,7.5,0.0,0.0,76.75,87.75,9.321428571428571,0.0,0.0,11,9.5,10.55
2018-11-03,345.89,14.67,18.47,0.0,8.3,0.0,0.0,61.75,87.75,8.614285714285716,0.0,0.0,11,15.0,11.221428571428573
2018-11-04,345.76,12.57,17.89,0.0,9.350000000000001,0.0,0.0,53.75,87.75,8.37857142857143,0.0,0.0,11,15.0,11.085714285714285
2018-11-05,345.6,10.23,17.49,0.0,9.95,0.0,0.0,48.25,87.5,8.407142857142858,0.0,0.0,11,15.75,10.814285714285717
2018-11-06,345.4,9.57,17.43,0.0,10.2,0.0,0.0,26.5,86.5,8.671428571428573,0.0,0.0,11,15.75,10.450000000000001
2018-11-07,345.18,8.8,17.41,0.0,9.95,0.0,0.0,1.0,86.5,9.02857142857143,0.0,0.0,11,15.75,9.85714285714286
2018-11-08,344.94,8.2,17.39,0.0,11.2,0.0,0.0,0.0,86.5,9.492857142857144,0.0,0.0,11,15.75,9.171428571428573
2018-11-09,344.82,20.34,17.4,9.5,14.9,0.0,0.0,9.5,94.5,10.55,0.0,0.0,11,6.25,8.000000000000002
2018-11-10,344.91,17.79,17.42,5.5,13.0,0.0,0.0,15.0,96.0,11.221428571428573,0.0,0.0,11,2.0,7.064285714285716
2018-11-11,344.85,12.98,17.39,0.0,8.4,0.0,0.0,15.0,94.75,11.085714285714285,0.0,0.0,11,2.0,6.4785714285714295
2018-11-12,344.7,11.16,17.41,0.75,8.05,0.0,0.0,15.75,95.5,10.814285714285717,0.0,0.0,11,14.0,6.107142857142859
2018-11-13,344.51,9.7,17.42,0.0,7.65,0.0,0.0,15.75,93.5,10.450000000000001,0.0,0.0,11,14.0,5.471428571428573
2018-11-14,344.3,8.98,17.44,0.0,5.800000000000001,0.0,0.0,15.75,93.5,9.85714285714286,0.0,0.0,11,33.25,5.064285714285716
2018-11-15,344.05,8.38,17.43,0.0,6.4,0.0,0.0,15.75,93.5,9.171428571428573,0.0,0.0,11,36.25,4.800000000000002
2018-11-16,343.82,8.04,15.19,0.0,6.7,0.0,0.0,6.25,93.5,8.000000000000002,0.0,0.0,11,39.0,3.9714285714285724
2018-11-17,343.64,7.77,13.84,1.25,6.45,0.0,0.0,2.0,94.75,7.064285714285716,0.0,0.0,11,37.75,3.2642857142857156
2018-11-18,343.5,6.82,8.96,0.0,4.300000000000001,0.0,0.0,2.0,94.75,6.4785714285714295,0.0,0.0,11,44.75,3.1285714285714294
2018-11-19,343.52,7.86,6.07,12.75,5.45,0.0,0.0,14.0,107.5,6.107142857142859,0.0,0.0,11,36.75,3.2428571428571438
2018-11-20,343.57,6.92,5.49,0.0,3.2,0.0,0.0,14.0,107.5,5.471428571428573,0.0,0.0,11,37.5,3.6571428571428584
2018-11-21,343.64,10.13,5.13,19.25,2.95,0.0,0.0,33.25,126.75,5.064285714285716,0.0,0.0,11,20.25,4.407142857142858
2018-11-22,343.79,9.77,5.13,3.0,4.55,0.0,0.0,36.25,129.75,4.800000000000002,0.0,0.0,11,18.25,4.257142857142858
2018-11-23,343.93,9.42,5.13,2.75,0.9,5.5,8.5,39.0,131.5,3.9714285714285724,0.18333333333333332,8.5,11,18.0,4.371428571428573
2018-11-24,344.0,8.63,8.99,0.0,1.5,1.0,1.5,37.75,131.5,3.2642857142857156,0.21666666666666667,10.0,11,21.75,4.492857142857144
2018-11-25,343.93,9.01,11.51,7.0,3.35,0.0,0.0,44.75,138.5,3.1285714285714294,0.21666666666666667,10.0,11,14.75,4.364285714285715
2018-11-26,343.96,15.09,11.52,4.75,6.25,0.0,0.0,36.75,128.25,3.2428571428571438,0.21666666666666667,10.0,11,10.0,4.092857142857143
2018-11-27,344.03,13.66,11.52,0.75,6.1,0.5,0.5,37.5,121.0,3.6571428571428584,0.23333333333333334,10.5,11,19.75,4.557142857142858
2018-11-28,344.1,14.08,11.52,2.0,8.2,0.0,0.0,20.25,117.5,4.407142857142858,0.23333333333333334,10.5,11,20.25,4.292857142857144
2018-11-29,344.13,11.16,11.53,1.0,3.5,0.0,0.0,18.25,96.75,4.257142857142858,0.23333333333333334,10.5,11,25.75,3.9428571428571435
2018-11-30,344.07,10.17,15.22,2.5,1.7,6.0,7.5,18.0,73.75,4.371428571428573,0.43333333333333335,9.5,11,31.25,4.0357142857142865
2018-12-01,343.89,11.1,17.53,3.75,2.35,1.5,2.5,21.75,76.5,4.492857142857144,0.48333333333333334,10.5,12,30.75,3.435714285714287
2018-12-02,343.7,10.11,17.61,0.0,2.45,0.0,0.0,14.75,76.5,4.364285714285715,0.48333333333333334,10.5,12,38.0,2.6642857142857155
2018-12-03,343.47,9.77,17.63,0.0,4.35,0.0,0.0,10.0,76.5,4.092857142857143,0.48333333333333334,10.5,12,41.0,1.7214285714285726
2018-12-04,343.42,15.42,8.63,10.5,9.35,0.0,0.0,19.75,87.0,4.557142857142858,0.48333333333333334,10.0,12,30.5,0.18571428571428678
2018-12-05,343.82,22.41,5.26,2.5,6.35,0.0,0.0,20.25,89.5,4.292857142857144,0.48333333333333334,10.0,12,39.25,-0.607142857142856
2018-12-06,344.19,16.29,6.76,6.5,1.05,0.0,0.0,25.75,96.0,3.9428571428571435,0.48333333333333334,10.0,12,33.0,-0.6071428571428559
2018-12-07,344.35,18.06,14.75,8.0,2.35,3.5,3.5,31.25,104.0,4.0357142857142865,0.6,6.0,12,29.0,-0.9785714285714274
2018-12-08,344.38,16.31,17.41,3.25,-1.8499999999999999,10.0,7.5,30.75,107.25,3.435714285714287,0.9333333333333333,11.0,12,25.75,-0.9357142857142845
2018-12-09,344.32,14.47,17.41,7.25,-2.9499999999999997,23.0,15.5,38.0,105.0,2.6642857142857155,1.7,26.5,12,18.5,-0.3642857142857131
2018-12-10,344.2,11.53,17.41,3.0,-2.25,25.5,3.0,41.0,102.5,1.7214285714285726,2.55,29.5,12,20.75,0.342857142857144
2018-12-11,344.03,10.57,17.41,0.0,-1.4,19.5,1.0,30.5,102.5,0.18571428571428678,3.2,30.5,12,33.0,0.6785714285714297
2018-12-12,343.84,10.97,17.4,11.25,0.8,24.0,10.0,39.25,113.0,-0.607142857142856,4.0,40.5,12,33.5,0.6928571428571441
2018-12-13,343.64,9.62,17.48,0.25,1.05,13.5,0.0,33.0,113.25,-0.6071428571428559,4.45,40.5,12,38.5,0.7714285714285726
2018-12-14,343.48,9.25,10.32,4.0,-0.24999999999999994,17.5,7.5,29.0,117.25,-0.9785714285714274,5.033333333333333,44.5,12,34.5,1.150000000000001
2018-12-15,343.53,8.21,6.07,0.0,-1.5499999999999998,14.5,2.0,25.75,117.25,-0.9357142857142845,5.516666666666667,39.0,12,35.0,1.492857142857144
2018-12-16,343.58,7.5,6.07,0.0,1.05,13.0,0.0,18.5,117.25,-0.3642857142857131,5.95,23.5,12,36.5,1.4142857142857153
2018-12-17,343.63,8.21,6.07,5.25,2.7,11.5,1.5,20.75,121.25,0.342857142857144,6.333333333333333,22.0,12,33.0,1.1428571428571441
2018-12-18,343.69,8.21,6.07,12.25,0.95,22.0,15.0,33.0,133.5,0.6785714285714297,7.066666666666666,36.0,12,21.0,1.0857142857142867
2018-12-19,343.76,8.26,4.69,11.75,0.9,23.0,4.5,33.5,132.5,0.6928571428571441,7.833333333333333,30.5,12,16.5,1.2785714285714298
2018-12-20,343.88,7.78,3.85,5.25,1.6,23.5,6.0,38.5,137.75,0.7714285714285726,8.616666666666667,36.5,12,18.0,0.5714285714285727
2018-12-21,343.97,6.71,3.85,0.0,2.4,18.5,0.5,34.5,118.5,1.150000000000001,9.233333333333333,29.5,12,30.0,-0.3499999999999988
2018-12-22,344.04,6.35,3.84,0.5,0.85,17.0,0.0,35.0,116.0,1.492857142857144,9.8,27.5,12,41.75,-1.0499999999999987
2018-12-23,344.11,6.41,3.84,1.5,0.5,15.5,1.0,36.5,114.75,1.4142857142857153,10.133333333333333,28.5,12,42.75,-1.5857142857142843
2018-12-24,344.19,6.78,3.84,1.75,0.8,16.0,4.0,33.0,116.5,1.1428571428571441,10.633333333333333,31.0,12,47.5,-2.049999999999999
2018-12-25,344.26,6.04,3.83,0.25,0.55,17.0,1.0,21.0,109.75,1.0857142857142867,11.2,17.0,12,51.25,-2.22142857142857
2018-12-26,344.33,6.77,3.83,7.25,2.25,18.0,5.0,16.5,112.25,1.2785714285714298,11.8,17.5,12,46.75,-2.814285714285713
2018-12-27,344.41,6.77,3.83,6.75,-3.3499999999999996,38.0,23.0,18.0,118.25,0.5714285714285727,13.05,34.5,12,40.25,-2.564285714285713
2018-12-28,344.49,6.77,3.83,12.0,-4.050000000000001,52.5,23.5,30.0,128.25,-0.3499999999999988,14.8,57.5,12,28.75,-1.907142857142856
2018-12-29,344.57,6.77,3.83,12.25,-4.05,67.5,19.5,41.75,139.5,-1.0499999999999987,17.05,77.0,12,24.25,-1.4142857142857128
2018-12-30,344.65,6.4,3.83,2.5,-3.25,64.0,4.0,42.75,139.5,-1.5857142857142843,18.983333333333334,80.0,12,22.0,-1.22142857142857
2018-12-31,344.71,6.04,3.83,6.5,-2.45,63.5,13.5,47.5,142.25,-2.049999999999999,21.05,89.5,12,16.75,-1.0499999999999987
2019-01-01,344.77,5.3,3.83,4.0,-0.65,66.0,7.0,51.25,146.25,-2.22142857142857,23.25,95.5,1,18.25,-1.214285714285713
2019-01-02,344.81,5.3,3.83,2.75,-1.9,62.0,8.0,46.75,149.0,-2.814285714285713,25.316666666666666,98.5,1,16.75,-1.1928571428571415
2019-01-03,344.85,5.3,3.83,0.25,-1.5999999999999999,62.5,1.5,40.25,138.75,-2.564285714285713,27.4,77.0,1,25.5,-0.6357142857142845
2019-01-04,344.88,4.93,3.83,0.5,0.55,57.0,0.0,28.75,136.75,-1.907142857142856,29.3,53.5,1,25.0,-0.7071428571428559
2019-01-05,344.93,5.67,3.83,7.75,-0.6,56.5,8.0,24.25,138.0,-1.4142857142857128,31.183333333333334,42.0,1,17.25,-0.6857142857142845
2019-01-06,344.96,4.93,3.83,0.25,-1.9,54.5,4.5,22.0,130.25,-1.22142857142857,32.88333333333333,42.5,1,17.0,-0.8214285714285702
2019-01-07,344.98,4.96,4.59,1.25,-1.25,55.5,5.5,16.75,128.25,-1.0499999999999987,34.4,34.5,1,15.75,-1.1999999999999988
2019-01-08,344.99,5.43,5.06,5.5,-1.8,57.5,7.0,18.25,126.5,-1.214285714285713,35.55,34.5,1,16.75,-1.3857142857142846
2019-01-09,344.99,5.05,5.05,1.25,-1.75,60.5,5.0,16.75,124.75,-1.1928571428571415,36.71666666666667,31.5,1,22.5,-1.299999999999999
2019-01-10,344.98,5.05,5.05,9.0,2.3,56.5,3.5,25.5,133.75,-0.6357142857142845,37.95,33.5,1,20.0,-2.007142857142856
2019-01-11,344.97,3.96,5.06,0.0,0.04999999999999993,48.5,0.5,25.0,122.5,-0.7071428571428559,38.766666666666666,34.0,1,23.0,-2.4428571428571417
2019-01-12,344.96,4.69,5.06,0.0,-0.44999999999999996,46.5,1.0,17.25,122.25,-0.6857142857142845,39.86666666666667,27.0,1,23.75,-2.4714285714285706
2019-01-13,344.94,4.32,5.06,0.0,-2.85,45.0,3.0,17.0,118.25,-0.8214285714285702,40.78333333333333,25.5,1,28.25,-2.0499999999999985
2019-01-14,344.92,4.32,5.06,0.0,-3.9000000000000004,44.0,4.0,15.75,118.25,-1.1999999999999988,41.766666666666666,24.0,1,38.75,-2.042857142857142
2019-01-15,344.9,4.34,4.71,6.5,-3.1,46.0,4.0,16.75,124.75,-1.3857142857142846,42.86666666666667,21.0,1,35.25,-1.8928571428571417
2019-01-16,344.9,4.49,4.49,7.0,-1.1500000000000001,54.5,12.0,22.5,126.5,-1.299999999999999,44.3,28.0,1,34.5,-1.8428571428571414
2019-01-17,344.9,4.86,4.49,6.5,-2.6500000000000004,71.0,18.5,20.0,120.75,-2.007142857142856,45.93333333333333,43.0,1,32.25,-1.9499999999999986
2019-01-18,344.92,4.86,4.49,3.0,-3.0,79.0,10.5,23.0,112.0,-2.4428571428571417,47.8,53.0,1,29.25,-1.8999999999999988
2019-01-19,344.91,3.74,4.48,0.75,-0.6500000000000001,70.0,3.0,23.75,107.5,-2.4714285714285706,49.35,55.0,1,28.5,-2.328571428571427
2019-01-20,344.9,5.22,4.48,4.5,0.09999999999999998,66.0,6.5,28.25,112.0,-2.0499999999999985,50.93333333333333,58.5,1,24.0,-2.7857142857142843
2019-01-21,344.92,4.83,4.09,10.5,-3.8499999999999996,86.0,24.5,38.75,122.0,-2.042857142857142,53.233333333333334,79.0,1,22.75,-2.3214285714285703
2019-01-22,344.95,4.2,3.83,3.0,-2.05,88.0,8.0,35.25,123.5,-1.8928571428571417,55.65,83.0,1,29.0,-1.9928571428571416
2019-01-23,344.96,4.56,3.82,6.25,-0.8,82.5,8.0,34.5,128.0,-1.8428571428571414,57.86666666666667,79.0,1,22.75,-1.9071428571428561
2019-01-24,344.99,4.92,3.82,4.25,-3.4,88.0,11.0,32.25,132.0,-1.9499999999999986,60.233333333333334,71.5,1,19.5,-1.457142857142856
2019-01-25,344.99,3.46,4.2,0.0,-2.6500000000000004,83.0,2.0,29.25,124.75,-1.8999999999999988,62.4,63.0,1,22.5,-1.6428571428571417
2019-01-26,344.98,4.06,4.43,0.0,-3.65,74.5,1.0,28.5,118.0,-2.328571428571427,63.61666666666667,61.0,1,25.5,-1.3357142857142843
2019-01-27,344.96,3.69,4.43,0.0,-3.1,71.0,0.5,24.0,106.0,-2.7857142857142843,64.23333333333333,55.0,1,29.0,-0.9714285714285701
2019-01-28,344.94,4.08,4.45,9.25,-0.6000000000000001,78.0,10.5,22.75,103.0,-2.3214285714285703,64.58333333333333,41.0,1,38.25,-0.7071428571428557
2019-01-29,344.95,4.43,4.43,9.25,0.25000000000000006,92.0,16.5,29.0,109.75,-1.9928571428571416,65.51666666666667,49.5,1,29.25,-0.8214285714285702
2019-01-30,344.93,4.06,4.43,0.0,-0.2,83.5,1.0,22.75,103.25,-1.9071428571428561,66.18333333333334,42.5,1,29.25,-0.9428571428571416
2019-01-31,344.92,3.7,4.07,1.0,-0.24999999999999994,79.5,0.0,19.5,100.25,-1.457142857142856,66.63333333333334,31.5,1,39.0,-0.8642857142857131
2019-02-01,344.92,3.83,3.83,3.0,-3.95,84.5,14.5,22.5,100.5,-1.6428571428571417,67.38333333333334,44.0,2,40.75,-1.1785714285714275
2019-02-02,344.93,3.82,3.82,3.0,-1.5,90.0,7.0,25.5,103.25,-1.3357142857142843,68.3,50.0,2,38.5,-1.62142857142857
2019-02-03,344.92,3.82,3.82,3.5,-0.55,82.0,0.5,29.0,106.25,-0.9714285714285701,69.13333333333334,50.0,2,35.75,-2.1928571428571417
2019-02-04,344.99,9.88,5.84,18.5,1.25,77.5,3.5,38.25,117.0,-0.7071428571428557,69.83333333333333,43.0,2,21.5,-2.6928571428571417
2019-02-05,345.0,7.93,10.5,0.25,-0.55,72.0,1.5,29.25,117.0,-0.8214285714285702,70.41666666666667,28.0,2,31.0,-3.114285714285713
2019-02-06,344.91,6.46,10.5,0.0,-1.05,69.0,1.5,29.25,115.75,-0.9428571428571416,70.86666666666666,28.5,2,35.75,-3.578571428571428
2019-02-07,344.8,7.57,10.51,10.75,0.30000000000000004,71.5,7.0,39.0,121.0,-0.8642857142857131,71.33333333333333,35.5,2,26.0,-4.178571428571427
2019-02-08,344.73,7.2,10.51,4.75,-6.15,87.5,18.5,40.75,124.5,-1.1785714285714275,72.23333333333333,39.5,2,21.25,-3.7357142857142844
2019-02-09,344.62,6.15,10.56,0.75,-4.6,85.0,2.5,38.5,116.25,-1.62142857142857,73.18333333333334,35.0,2,22.25,-3.257142857142856
2019-02-10,344.48,5.4,10.55,0.75,-4.55,81.0,5.5,35.75,117.0,-2.1928571428571417,74.26666666666667,40.0,2,23.25,-2.564285714285713
2019-02-11,344.38,5.2,6.3,4.25,-2.25,84.5,13.0,21.5,121.25,-2.6928571428571417,75.53333333333333,49.5,2,19.0,-1.9357142857142848
2019-02-12,344.4,4.85,3.75,9.75,-3.5,101.5,23.5,31.0,131.0,-3.114285714285713,77.41666666666667,71.5,2,15.0,-1.2571428571428562
2019-02-13,344.43,4.53,3.79,4.75,-4.3,105.5,7.0,35.75,135.75,-3.578571428571428,79.46666666666667,77.0,2,22.0,-0.24999999999999886
2019-02-14,344.45,4.21,3.84,1.0,-3.9000000000000004,100.0,4.0,26.0,130.25,-4.178571428571427,81.26666666666667,74.0,2,25.25,0.7357142857142869
2019-02-15,344.45,4.22,3.85,0.0,-3.05,96.5,2.0,21.25,123.25,-3.7357142857142844,82.66666666666667,57.5,2,25.25,1.6357142857142868
2019-02-16,344.46,3.84,3.84,1.75,-1.25,90.5,7.0,22.25,118.5,-3.257142857142856,83.31666666666666,62.0,2,23.5,2.0714285714285725
2019-02-17,344.46,3.86,3.86,1.75,0.30000000000000004,91.5,6.5,23.25,117.25,-2.564285714285713,83.73333333333333,63.0,2,21.75,2.285714285714287
2019-02-18,344.45,3.49,3.86,0.0,2.1500000000000004,84.5,1.0,19.0,116.5,-1.9357142857142848,84.21666666666667,51.0,2,21.75,2.3714285714285728
2019-02-19,344.45,3.85,3.85,5.75,1.25,80.0,1.0,15.0,117.75,-1.2571428571428562,84.68333333333334,28.5,2,16.25,2.3500000000000014
2019-02-20,344.47,6.43,3.86,11.75,2.75,77.0,2.5,22.0,119.0,-0.24999999999999886,84.38333333333334,24.0,2,4.5,2.035714285714287
2019-02-21,344.57,7.54,3.86,4.25,3.0,74.5,1.5,25.25,120.25,0.7357142857142869,83.93333333333334,21.5,2,0.25,1.8357142857142867
2019-02-22,344.63,6.1,6.47,0.0,3.25,71.0,0.5,25.25,114.0,1.6357142857142868,83.55,20.0,2,0.75,1.7000000000000013
2019-02-23,344.57,5.65,8.22,0.0,1.8,69.5,1.0,23.5,109.75,2.0714285714285725,82.93333333333334,14.0,2,0.75,2.035714285714287
2019-02-24,344.5,5.66,8.23,0.0,1.8,68.5,0.5,21.75,109.75,2.285714285714287,82.45,8.0,2,0.75,2.242857142857144
2019-02-25,344.43,6.01,8.22,0.0,2.75,67.0,1.0,21.75,109.75,2.3714285714285728,82.2,8.0,2,0.75,2.37857142857143
2019-02-26,344.41,6.17,5.43,0.25,1.1,65.5,1.0,16.25,110.0,2.3500000000000014,82.01666666666667,8.0,2,0.5,2.6785714285714297
2019-02-27,344.46,5.97,3.76,0.0,0.5499999999999999,65.5,0.0,4.5,100.75,2.035714285714287,81.6,5.5,2,0.5,3.114285714285715
2019-02-28,344.51,5.61,3.77,0.0,1.6,64.5,0.5,0.25,91.5,1.8357142857142867,80.68333333333334,4.5,2,1.25,3.2071428571428586
2019-03-01,344.56,5.62,3.78,0.5,2.3,63.5,0.5,0.75,92.0,1.7000000000000013,80.01666666666667,4.5,3,1.0,3.07857142857143
2019-03-02,344.59,5.09,5.83,0.0,4.15,62.5,0.5,0.75,91.0,2.035714285714287,79.45,4.0,3,1.0,3.17857142857143
2019-03-03,344.56,6.4,7.14,0.0,3.25,61.5,0.5,0.75,88.0,2.242857142857144,78.68333333333334,4.0,3,1.0,3.7571428571428584
2019-03-04,344.54,6.4,7.14,0.0,3.7,59.5,0.5,0.75,85.0,2.37857142857143,77.66666666666667,3.5,3,21.5,3.921428571428572
2019-03-05,344.52,6.79,7.16,0.0,3.2,59.0,1.5,0.5,81.5,2.6785714285714297,76.9,4.0,3,24.5,4.157142857142858
2019-03-06,344.52,6.69,5.95,0.0,3.6,58.0,2.0,0.5,63.0,3.114285714285715,76.25,6.0,3,32.5,3.9285714285714297
2019-03-07,344.58,7.81,5.24,0.75,2.25,57.0,1.5,1.25,63.5,3.2071428571428586,75.75,7.0,3,38.75,3.750000000000001
2019-03-08,344.62,7.07,7.07,0.25,1.4000000000000001,57.5,5.0,1.0,63.75,3.07857142857143,75.36666666666666,11.5,3,39.5,3.9285714285714297
2019-03-09,344.6,7.49,8.23,0.0,4.85,56.0,0.0,1.0,53.0,3.17857142857143,74.85,11.0,3,39.5,3.671428571428572
2019-03-10,344.59,8.61,8.24,0.0,7.3,54.5,2.0,1.0,48.25,3.7571428571428584,73.75,12.5,3,39.5,2.9142857142857155
2019-03-11,344.77,31.94,13.91,20.5,4.85,53.0,2.5,21.5,68.0,3.921428571428572,72.68333333333334,14.5,3,19.0,2.685714285714287
2019-03-12,345.56,45.53,17.62,3.0,4.85,49.5,1.5,24.5,70.25,4.157142857142858,71.63333333333334,14.5,3,16.0,2.5571428571428583
2019-03-13,345.94,25.59,18.74,8.0,2.0,51.5,6.0,32.5,74.0,3.9285714285714297,70.53333333333333,18.5,3,8.0,3.242857142857144
2019-03-14,346.02,18.86,19.24,7.0,1.0,56.5,7.0,38.75,71.25,3.750000000000001,69.03333333333333,24.0,3,2.5,4.007142857142859
2019-03-15,345.93,13.41,18.73,1.0,2.65,56.0,0.5,39.5,67.5,3.9285714285714297,67.38333333333334,19.5,3,2.0,4.27857142857143
2019-03-16,345.77,11.48,17.95,0.0,3.05,50.0,1.0,39.5,66.5,3.671428571428572,65.71666666666667,20.5,3,3.75,3.7928571428571445
2019-03-17,345.59,9.88,17.5,0.0,2.0,48.0,0.0,39.5,66.5,2.9142857142857155,64.1,18.5,3,9.25,3.307142857142859
2019-03-18,345.37,9.24,17.47,0.0,3.25,47.5,0.5,19.0,64.75,2.685714285714287,62.666666666666664,16.5,3,10.0,3.32857142857143
2019-03-19,345.16,9.26,17.48,0.0,3.95,45.5,1.0,16.0,63.0,2.5571428571428583,61.13333333333333,16.0,3,10.75,3.792857142857144
2019-03-20,344.97,13.79,17.47,0.0,6.800000000000001,44.0,0.5,8.0,63.0,3.242857142857144,59.78333333333333,10.5,3,18.5,3.1571428571428584
2019-03-21,344.96,19.31,17.47,1.5,6.3500000000000005,41.0,1.0,2.5,58.75,4.007142857142859,58.483333333333334,4.5,3,17.5,2.4571428571428586
2019-03-22,345.36,40.3,17.5,0.5,4.55,38.5,1.5,2.0,47.5,4.27857142857143,57.2,5.5,3,17.0,2.0000000000000013
2019-03-23,345.69,21.97,17.71,1.75,-0.35,40.0,3.0,3.75,45.0,3.7928571428571445,56.05,7.5,3,26.0,2.092857142857144
2019-03-24,345.7,15.06,17.75,5.5,-1.4000000000000001,49.5,10.0,9.25,50.5,3.307142857142859,55.333333333333336,17.5,3,36.75,2.3357142857142867
2019-03-25,345.58,12.21,17.54,0.75,3.4,40.0,0.5,10.0,51.25,3.32857142857143,54.35,17.5,3,36.5,2.0785714285714296
2019-03-26,345.46,15.29,17.53,0.75,7.2,38.0,1.0,10.75,52.0,3.792857142857144,53.333333333333336,17.5,3,44.5,0.9785714285714299
2019-03-27,345.45,16.79,17.54,7.75,2.35,39.0,6.0,18.5,59.75,3.1571428571428584,52.4,23.0,3,37.0,0.785714285714287
2019-03-28,345.38,12.68,17.54,0.5,1.45,38.5,0.5,17.5,60.0,2.4571428571428586,51.5,22.5,3,40.0,1.2500000000000013
2019-03-29,345.21,11.16,17.52,0.0,1.3499999999999999,36.0,1.0,17.0,60.0,2.0000000000000013,50.516666666666666,22.0,3,45.5,2.2642857142857156
2019-03-30,345.02,10.48,17.5,10.75,0.30000000000000004,42.5,10.0,26.0,70.75,2.092857142857144,49.78333333333333,29.0,3,40.25,3.042857142857144
2019-03-31,344.83,10.13,17.48,16.25,0.3,46.0,11.5,36.75,86.5,2.3357142857142867,49.2,30.5,3,26.0,3.7428571428571438
2019-04-01,344.62,8.65,17.47,0.5,1.6,44.0,3.5,36.5,87.0,2.0785714285714296,48.583333333333336,33.5,4,25.5,4.1642857142857155
2019-04-02,344.42,8.58,12.99,8.75,-0.49999999999999994,46.5,9.0,44.5,95.75,0.9785714285714299,48.083333333333336,41.5,4,17.25,4.964285714285715
2019-04-03,344.34,7.34,10.28,0.25,1.0,45.0,1.0,37.0,96.0,0.785714285714287,47.6,36.5,4,22.25,5.364285714285716
2019-04-04,344.27,9.49,10.23,3.5,4.7,41.5,0.5,40.0,99.5,1.2500000000000013,47.016666666666666,36.5,4,35.25,5.042857142857144
2019-04-05,344.36,23.6,12.2,5.5,8.45,38.0,1.5,45.5,105.0,2.2642857142857156,46.35,37.0,4,29.75,4.507142857142859
2019-04-06,344.8,28.74,17.71,5.5,5.75,34.5,1.0,40.25,109.75,3.042857142857144,45.6,28.0,4,24.25,4.514285714285715
2019-04-07,344.96,18.33,13.55,2.0,5.2,32.5,1.0,26.0,111.5,3.7428571428571438,44.766666666666666,17.5,4,22.25,5.042857142857144
2019-04-08,345.03,18.65,17.55,0.0,4.55,31.0,0.5,25.5,111.5,4.1642857142857155,43.93333333333333,14.5,4,38.5,5.500000000000001
2019-04-09,345.16,18.0,9.78,0.5,5.1,28.5,0.5,17.25,112.0,4.964285714285715,43.06666666666667,6.0,4,38.5,6.02857142857143
2019-04-10,345.24,15.59,17.46,5.25,3.8,26.5,3.0,22.25,96.75,5.364285714285716,42.18333333333333,8.0,4,33.25,6.914285714285716
2019-04-11,345.2,14.85,17.47,16.5,2.45,35.0,11.0,35.25,110.25,5.042857142857144,41.7,18.5,4,16.75,8.335714285714287
2019-04-12,345.09,13.01,17.47,0.0,4.7,26.0,2.0,29.75,102.25,4.507142857142859,40.85,19.0,4,17.75,8.921428571428573
2019-04-13,344.98,14.89,17.46,0.0,5.8,23.5,1.5,24.25,95.25,4.514285714285715,39.75,19.5,4,17.75,8.985714285714286
2019-04-14,344.97,20.78,17.47,0.0,8.899999999999999,21.0,0.5,22.25,94.25,5.042857142857144,38.583333333333336,19.0,4,17.75,9.321428571428573
2019-04-15,345.34,43.87,17.52,16.25,7.75,15.5,2.5,38.5,110.5,5.500000000000001,37.43333333333333,21.0,4,1.5,9.935714285714287
2019-04-16,346.2,53.98,20.52,0.5,8.8,12.0,1.0,38.5,111.0,6.02857142857143,36.233333333333334,21.5,4,1.0,10.300000000000002
2019-04-17,346.87,45.44,26.42,0.0,10.0,7.0,0.5,33.25,111.0,6.914285714285716,34.88333333333333,19.0,4,3.75,10.80714285714286
2019-04-18,347.32,51.62,31.61,0.0,12.4,4.0,0.0,16.75,111.0,8.335714285714287,33.5,8.0,4,16.5,10.914285714285715
2019-04-19,347.82,53.49,38.29,1.0,8.8,0.0,0.0,17.75,112.0,8.921428571428573,32.03333333333333,6.0,4,31.0,10.521428571428572
2019-04-20,348.02,43.82,41.42,0.0,6.25,0.0,0.0,17.75,110.5,8.985714285714286,30.666666666666668,4.5,4,40.75,10.157142857142858
2019-04-21,348.03,42.85,41.64,0.0,11.25,0.0,0.0,17.75,110.0,9.321428571428573,29.383333333333333,4.0,4,40.75,9.614285714285716
2019-04-22,348.15,53.12,43.29,0.0,12.05,0.0,0.0,1.5,108.25,9.935714285714287,28.05,1.5,4,40.75,9.335714285714287
2019-04-23,348.36,51.12,46.61,0.0,11.350000000000001,0.0,0.0,1.0,102.75,10.300000000000002,26.4,0.5,4,51.75,9.257142857142858
2019-04-24,348.5,59.16,48.92,2.75,13.55,0.0,0.0,3.75,104.75,10.80714285714286,25.066666666666666,0.0,4,49.5,9.328571428571431
2019-04-25,349.11,91.6,57.08,12.75,13.149999999999999,0.0,0.0,16.5,116.75,10.914285714285715,23.8,0.0,4,37.0,9.142857142857144
2019-04-26,349.6,67.95,62.47,15.5,6.050000000000001,0.0,0.0,31.0,124.5,10.521428571428572,22.5,0.0,4,21.5,10.014285714285716
2019-04-27,349.51,48.41,61.9,9.75,3.6999999999999997,0.0,0.0,40.75,133.75,10.157142857142858,21.216666666666665,0.0,4,11.75,11.271428571428572
2019-04-28,349.06,37.91,57.46,0.0,7.45,0.0,0.0,40.75,133.75,9.614285714285716,20.016666666666666,0.0,4,11.75,12.35714285714286
2019-04-29,348.64,38.68,52.2,0.0,10.100000000000001,0.0,0.0,40.75,123.0,9.335714285714287,18.6,0.0,4,30.25,12.950000000000001
2019-04-30,348.47,53.44,49.34,11.0,10.8,0.0,0.0,51.75,117.75,9.257142857142858,17.066666666666666,0.0,4,21.75,12.864285714285716
2019-05-01,348.91,77.12,55.73,0.5,14.05,0.0,0.0,49.5,117.75,9.328571428571431,15.6,0.0,5,21.25,12.857142857142858
2019-05-02,349.23,64.63,59.15,0.25,11.85,0.0,0.0,37.0,109.25,9.142857142857144,14.05,0.0,5,21.0,13.028571428571428
2019-05-03,349.16,52.18,58.5,0.0,12.149999999999999,0.0,0.0,21.5,109.0,10.014285714285716,12.55,0.0,5,21.0,13.321428571428573
2019-05-04,349.0,50.28,56.89,0.0,12.5,0.0,0.0,11.75,105.5,11.271428571428572,11.166666666666666,0.0,5,21.0,13.55
2019-05-05,348.86,51.84,55.53,0.0,15.05,0.0,0.0,11.75,100.0,12.35714285714286,9.9,0.0,5,21.0,13.15
2019-05-06,348.83,55.57,55.16,18.5,14.25,0.0,0.0,30.25,113.0,12.950000000000001,8.75,0.0,5,2.5,12.914285714285715
2019-05-07,348.99,61.39,56.88,2.5,10.2,0.0,0.0,21.75,113.5,12.864285714285716,7.666666666666667,0.0,5,4.0,13.564285714285717
2019-05-08,348.86,49.06,55.62,0.0,14.0,0.0,0.0,21.25,113.5,12.857142857142858,6.633333333333334,0.0,5,7.75,13.600000000000003
2019-05-09,348.68,41.51,52.98,0.0,13.05,0.0,0.0,21.0,113.0,13.028571428571428,5.683333333333334,0.0,5,7.75,14.135714285714286
2019-05-10,348.44,44.9,49.0,0.0,14.2,0.0,0.0,21.0,107.75,13.321428571428573,4.8,0.0,5,7.75,14.614285714285716
2019-05-11,348.37,44.64,47.92,0.0,14.1,0.0,0.0,21.0,91.25,13.55,3.6333333333333333,0.0,5,7.75,15.092857142857143
2019-05-12,348.29,42.15,46.66,0.0,12.25,0.0,0.0,21.0,91.25,13.15,2.7666666666666666,0.0,5,7.75,15.921428571428573
2019-05-13,348.15,38.42,44.57,0.0,12.600000000000001,0.0,0.0,2.5,91.25,12.914285714285715,1.9833333333333334,0.0,5,7.75,16.792857142857144
2019-05-14,348.01,37.64,42.48,4.0,14.75,0.0,0.0,4.0,95.25,13.564285714285717,1.2833333333333334,0.0,5,38.25,16.97857142857143
2019-05-15,347.98,41.11,41.91,3.75,14.25,0.0,0.0,7.75,82.75,13.600000000000003,0.7666666666666667,0.0,5,34.5,17.13571428571429
2019-05-16,347.93,40.34,41.14,0.0,16.8,0.0,0.0,7.75,82.25,14.135714285714286,0.36666666666666664,0.0,5,34.5,17.1
2019-05-17,347.92,40.98,40.98,0.0,17.549999999999997,0.0,0.0,7.75,82.25,14.614285714285716,0.13333333333333333,0.0,5,34.5,16.97857142857143
2019-05-18,347.93,41.97,41.17,0.0,17.450000000000003,0.0,0.0,7.75,82.25,15.092857142857143,0.0,0.0,5,34.5,17.25
2019-05-19,347.94,40.87,41.27,0.0,18.05,0.0,0.0,7.75,81.25,15.921428571428573,0.0,0.0,5,34.5,17.75714285714286
2019-05-20,347.97,44.1,41.7,0.0,18.7,0.0,0.0,7.75,81.25,16.792857142857144,0.0,0.0,5,34.5,18.392857142857146
2019-05-21,348.37,76.74,46.88,34.5,16.05,0.0,0.0,38.25,115.75,16.97857142857143,0.0,0.0,5,1.75,18.97142857142857
2019-05-22,348.64,42.38,51.8,0.0,15.35,0.0,0.0,34.5,115.75,17.13571428571429,0.0,0.0,5,23.25,18.921428571428574
2019-05-23,348.32,32.96,47.3,0.0,16.55,0.0,0.0,34.5,115.75,17.1,0.0,0.0,5,23.25,18.82857142857143
2019-05-24,347.98,29.12,42.02,0.0,16.7,0.0,0.0,34.5,113.0,16.97857142857143,0.0,0.0,5,26.25,18.685714285714287
2019-05-25,347.7,27.63,38.03,0.0,19.35,0.0,0.0,34.5,100.25,17.25,0.0,0.0,5,29.25,18.178571428571427
2019-05-26,347.47,27.36,34.96,0.0,21.6,0.0,0.0,34.5,84.75,17.75714285714286,0.0,0.0,5,29.25,17.63571428571429
2019-05-27,347.3,26.36,32.76,0.0,23.15,0.0,0.0,34.5,75.0,18.392857142857146,0.0,0.0,5,29.25,17.142857142857142
2019-05-28,347.13,23.17,30.75,1.75,20.1,0.0,0.0,1.75,76.75,18.97142857142857,0.0,0.0,5,27.5,17.121428571428574
2019-05-29,347.02,26.34,29.44,21.5,15.0,0.0,0.0,23.25,98.25,18.921428571428574,0.0,0.0,5,20.25,17.95
2019-05-30,346.84,19.07,27.59,0.0,15.899999999999999,0.0,0.0,23.25,87.25,18.82857142857143,0.0,0.0,5,21.5,18.3
2019-05-31,346.62,16.49,25.39,3.0,15.7,0.0,0.0,26.25,89.75,18.685714285714287,0.0,0.0,5,19.75,18.45714285714286
2019-06-01,346.42,16.19,23.54,3.0,15.8,0.0,0.0,29.25,92.5,18.178571428571427,0.0,0.0,6,29.0,18.50714285714286
2019-06-02,346.23,15.02,21.99,0.0,17.8,0.0,0.0,29.25,92.5,17.63571428571429,0.0,0.0,6,29.0,18.242857142857144
2019-06-03,346.06,14.66,20.8,0.0,19.700000000000003,0.0,0.0,29.25,92.5,17.142857142857142,0.0,0.0,6,29.0,17.62857142857143
2019-06-04,345.9,14.17,19.88,0.0,19.95,0.0,0.0,27.5,92.5,17.121428571428574,0.0,0.0,6,29.0,17.02142857142857
2019-06-05,345.76,14.61,19.17,14.25,20.799999999999997,0.0,0.0,20.25,88.25,17.95,0.0,0.0,6,14.75,16.414285714285715
2019-06-06,345.66,13.69,18.71,1.25,18.35,0.0,0.0,21.5,87.0,18.3,0.0,0.0,6,13.5,16.228571428571428
2019-06-07,345.48,10.98,19.21,1.25,16.799999999999997,0.0,0.0,19.75,88.25,18.45714285714286,0.0,0.0,6,12.25,16.52857142857143
2019-06-08,345.34,19.74,20.86,12.25,16.15,0.0,0.0,29.0,100.5,18.50714285714286,0.0,0.0,6,6.0,16.678571428571427
2019-06-09,345.23,12.94,20.8,0.0,15.95,0.0,0.0,29.0,100.5,18.242857142857144,0.0,0.0,6,29.0,16.72142857142857
2019-06-10,344.98,10.1,20.8,0.0,15.399999999999999,0.0,0.0,29.0,100.5,17.62857142857143,0.0,0.0,6,37.25,16.585714285714285
2019-06-11,344.68,9.4,20.8,0.0,15.7,0.0,0.0,29.0,100.5,17.02142857142857,0.0,0.0,6,37.25,16.614285714285714
2019-06-12,344.36,8.66,20.79,0.0,16.55,0.0,0.0,14.75,100.5,16.414285714285715,0.0,0.0,6,37.75,16.70714285714286
2019-06-13,344.02,8.49,20.77,0.0,17.049999999999997,0.0,0.0,13.5,96.5,16.228571428571428,0.0,0.0,6,37.75,17.107142857142858
2019-06-14,343.68,8.51,20.66,0.0,18.9,0.0,0.0,12.25,92.75,16.52857142857143,0.0,0.0,6,37.75,17.192857142857143
2019-06-15,343.4,16.16,20.45,6.0,17.200000000000003,0.0,0.0,6.0,98.75,16.678571428571427,0.0,0.0,6,87.75,17.557142857142857
2019-06-16,343.52,29.76,20.47,23.0,16.25,0.0,0.0,29.0,121.75,16.72142857142857,0.0,0.0,6,65.75,18.150000000000002
2019-06-17,343.88,35.51,20.49,8.25,14.45,0.0,0.0,37.25,130.0,16.585714285714285,0.0,0.0,6,59.5,18.6
2019-06-18,344.11,21.19,19.72,0.0,15.899999999999999,0.0,0.0,37.25,130.0,16.614285714285714,0.0,0.0,6,59.75,19.22142857142857
2019-06-19,344.09,16.45,18.65,0.5,17.2,0.0,0.0,37.75,130.5,16.70714285714286,0.0,0.0,6,59.25,19.83571428571429
2019-06-20,344.0,14.28,18.57,0.0,19.85,0.0,0.0,37.75,96.0,17.107142857142858,0.0,0.0,6,90.25,19.714285714285715
2019-06-21,343.85,12.48,18.55,0.0,19.5,0.0,0.0,37.75,96.0,17.192857142857143,0.0,0.0,6,125.0,19.621428571428574
2019-06-22,343.99,70.99,18.64,56.0,19.75,0.0,0.0,87.75,152.0,17.557142857142857,0.0,0.0,6,100.0,19.157142857142862
2019-06-23,345.88,58.11,19.76,1.0,20.4,0.0,0.0,65.75,153.0,18.150000000000002,0.0,0.0,6,109.0,18.87142857142857
2019-06-24,346.29,28.28,26.73,2.0,17.6,0.0,0.0,59.5,155.0,18.6,0.0,0.0,6,112.25,19.292857142857144
2019-06-25,346.03,19.54,36.02,0.25,20.25,0.0,0.0,59.75,155.25,19.22142857142857,0.0,0.0,6,112.0,19.47142857142857
2019-06-26,345.56,15.72,35.02,0.0,21.5,0.0,0.0,59.25,155.25,19.83571428571429,0.0,0.0,6,112.0,19.5
2019-06-27,345.07,23.67,34.86,31.0,19.0,0.0,0.0,90.25,184.5,19.714285714285715,0.0,0.0,6,99.75,19.692857142857147
2019-06-28,345.62,69.54,35.25,34.75,18.85,0.0,0.0,125.0,197.75,19.621428571428574,0.0,0.0,6,65.25,19.864285714285717
2019-06-29,345.96,41.53,36.59,31.0,16.5,0.0,0.0,100.0,228.75,19.157142857142862,0.0,0.0,6,34.25,20.407142857142862
2019-06-30,346.13,36.86,31.84,10.0,18.4,0.0,0.0,109.0,235.75,18.87142857142857,0.0,0.0,6,24.25,20.571428571428573
2019-07-01,346.08,29.02,37.08,5.25,20.55,0.0,0.0,112.25,238.0,19.292857142857144,0.0,0.0,7,19.0,20.292857142857144
2019-07-02,345.76,21.92,41.31,0.0,21.5,0.0,0.0,112.0,238.0,19.47142857142857,0.0,0.0,7,19.0,19.764285714285716
2019-07-03,345.01,19.18,50.32,0.0,21.700000000000003,0.0,0.0,112.0,238.0,19.5,0.0,0.0,7,19.0,19.3
2019-07-04,344.28,18.93,42.72,18.75,20.35,0.0,0.0,99.75,256.75,19.692857142857147,0.0,0.0,7,0.25,18.95
2019-07-05,343.65,14.98,35.35,0.25,20.05,0.0,0.0,65.25,242.75,19.864285714285717,0.0,0.0,7,21.75,18.599999999999998
2019-07-06,343.17,12.3,27.62,0.0,20.299999999999997,0.0,0.0,34.25,241.5,20.407142857142862,0.0,0.0,7,24.0,18.7
2019-07-07,342.84,11.23,19.95,0.0,19.549999999999997,0.0,0.0,24.25,240.25,20.571428571428573,0.0,0.0,7,24.0,18.857142857142858
2019-07-08,342.57,9.86,19.63,0.0,18.6,0.0,0.0,19.0,228.0,20.292857142857144,0.0,0.0,7,24.0,19.407142857142862
2019-07-09,342.27,8.87,20.38,0.0,17.799999999999997,0.0,0.0,19.0,228.0,19.764285714285716,0.0,0.0,7,24.0,19.907142857142855
2019-07-10,341.92,8.39,21.07,0.0,18.45,0.0,0.0,19.0,228.0,19.3,0.0,0.0,7,27.75,20.421428571428574
2019-07-11,341.53,8.04,21.72,0.0,17.9,0.0,0.0,0.25,228.0,18.95,0.0,0.0,7,37.25,20.92142857142857
2019-07-12,341.25,16.18,21.65,21.75,17.6,0.0,0.0,21.75,249.75,18.599999999999998,0.0,0.0,7,23.25,21.57857142857143
2019-07-13,341.04,12.13,21.59,2.25,21.0,0.0,0.0,24.0,252.0,18.7,0.0,0.0,7,21.0,21.964285714285715
2019-07-14,340.72,9.89,21.62,0.0,20.65,0.0,0.0,24.0,252.0,18.857142857142858,0.0,0.0,7,21.0,22.12857142857143
2019-07-15,340.35,8.59,21.66,0.0,22.45,0.0,0.0,24.0,246.0,19.407142857142862,0.0,0.0,7,21.0,21.821428571428573
2019-07-16,339.95,7.73,21.59,0.0,21.299999999999997,0.0,0.0,24.0,223.0,19.907142857142855,0.0,0.0,7,23.25,21.885714285714283
2019-07-17,339.54,10.39,21.56,3.75,22.05,0.0,0.0,27.75,218.5,20.421428571428574,0.0,0.0,7,23.75,22.071428571428573
2019-07-18,339.21,9.72,21.53,9.5,21.4,0.0,0.0,37.25,228.0,20.92142857142857,0.0,0.0,7,14.25,22.62857142857143
2019-07-19,338.89,10.85,16.32,7.75,22.2,0.0,0.0,23.25,235.25,21.57857142857143,0.0,0.0,7,7.0,23.071428571428573
2019-07-20,338.96,8.94,3.79,0.0,23.7,0.0,0.0,21.0,235.25,21.964285714285715,0.0,0.0,7,7.25,23.45
2019-07-21,339.07,8.05,8.69,0.0,21.8,0.0,0.0,21.0,235.25,22.12857142857143,0.0,0.0,7,8.25,24.185714285714287
2019-07-22,338.81,7.87,20.74,0.0,20.299999999999997,0.0,0.0,21.0,179.25,21.821428571428573,0.0,0.0,7,9.0,25.092857142857145
2019-07-23,338.4,9.02,21.57,2.25,21.75,0.0,0.0,23.25,180.5,21.885714285714283,0.0,0.0,7,6.75,25.714285714285715
2019-07-24,338.01,9.77,21.52,4.25,23.35,0.0,0.0,23.75,182.75,22.071428571428573,0.0,0.0,7,2.5,26.22857142857143
2019-07-25,337.65,9.46,21.42,0.0,25.3,0.0,0.0,14.25,182.5,22.62857142857143,0.0,0.0,7,2.5,26.435714285714287
2019-07-26,337.27,8.12,18.82,0.5,25.3,0.0,0.0,7.0,183.0,23.071428571428573,0.0,0.0,7,2.0,26.642857142857142
2019-07-27,337.02,7.47,13.05,0.25,26.35,0.0,0.0,7.25,152.25,23.45,0.0,0.0,7,1.75,26.685714285714287
2019-07-28,336.88,7.63,15.02,1.0,26.95,0.0,0.0,8.25,118.5,24.185714285714287,0.0,0.0,7,0.75,26.63571428571429
2019-07-29,336.48,7.12,20.97,0.75,26.65,0.0,0.0,9.0,88.25,25.092857142857145,0.0,0.0,7,0.75,26.614285714285717
2019-07-30,336.01,6.46,21.35,0.0,26.1,0.0,0.0,6.75,78.25,25.714285714285715,0.0,0.0,7,0.75,26.83571428571429
2019-07-31,335.51,6.23,21.31,0.0,26.95,0.0,0.0,2.5,73.0,26.22857142857143,0.0,0.0,7,0.75,26.878571428571433
2019-08-01,335.0,5.8,21.27,0.0,26.75,0.0,0.0,2.5,73.0,26.435714285714287,0.0,0.0,8,0.75,26.914285714285718
2019-08-02,334.48,5.61,21.25,0.0,26.75,0.0,0.0,2.0,73.0,26.642857142857142,0.0,0.0,8,0.75,26.871428571428574
2019-08-03,333.93,5.21,21.18,0.0,26.65,0.0,0.0,1.75,54.25,26.685714285714287,0.0,0.0,8,61.75,26.37857142857143
2019-08-04,333.38,4.95,21.11,0.0,26.6,0.0,0.0,0.75,54.0,26.63571428571429,0.0,0.0,8,61.75,25.950000000000006
2019-08-05,332.82,6.11,21.38,0.75,26.5,0.0,0.0,0.75,54.75,26.614285714285717,0.0,0.0,8,61.0,25.700000000000006
2019-08-06,332.27,5.54,21.59,0.0,27.65,0.0,0.0,0.75,54.75,26.83571428571429,0.0,0.0,8,61.0,25.528571428571432
2019-08-07,331.68,4.69,21.56,0.0,27.25,0.0,0.0,0.75,54.75,26.878571428571433,0.0,0.0,8,61.0,25.200000000000006
2019-08-08,331.07,4.67,21.65,0.0,27.0,0.0,0.0,0.75,54.75,26.914285714285718,0.0,0.0,8,61.0,25.28571428571429
2019-08-09,330.45,4.56,21.62,0.0,26.45,0.0,0.0,0.75,54.75,26.871428571428574,0.0,0.0,8,83.0,25.271428571428572
2019-08-10,329.99,13.56,21.54,61.0,23.200000000000003,0.0,0.0,61.75,115.75,26.37857142857143,0.0,0.0,8,22.5,25.792857142857144
2019-08-11,329.56,7.09,21.37,0.0,23.6,0.0,0.0,61.75,94.0,25.950000000000006,0.0,0.0,8,22.5,26.121428571428574
2019-08-12,329.01,6.45,20.79,0.0,24.75,0.0,0.0,61.0,91.75,25.700000000000006,0.0,0.0,8,22.5,26.08571428571429
2019-08-13,328.46,4.83,19.54,0.0,26.450000000000003,0.0,0.0,61.0,91.75,25.528571428571432,0.0,0.0,8,43.0,25.37142857142857
2019-08-14,327.89,5.25,19.45,0.0,24.95,0.0,0.0,61.0,91.75,25.200000000000006,0.0,0.0,8,43.0,25.20714285714286
2019-08-15,327.34,5.47,19.36,0.0,27.6,0.0,0.0,61.0,91.75,25.28571428571429,0.0,0.0,8,46.25,24.59285714285715
2019-08-16,326.92,16.14,19.34,22.0,26.35,0.0,0.0,83.0,110.0,25.271428571428572,0.0,0.0,8,30.75,24.164285714285715
2019-08-17,326.84,12.91,19.31,0.5,26.85,0.0,0.0,22.5,101.0,25.792857142857144,0.0,0.0,8,34.25,23.485714285714288
2019-08-18,326.47,8.7,19.28,0.0,25.9,0.0,0.0,22.5,93.25,26.121428571428574,0.0,0.0,8,35.5,22.764285714285712
2019-08-19,326.0,7.39,19.27,0.0,24.5,0.0,0.0,22.5,93.25,26.08571428571429,0.0,0.0,8,35.5,22.25714285714286
2019-08-20,325.6,14.0,19.29,20.5,21.45,0.0,0.0,43.0,113.75,25.37142857142857,0.0,0.0,8,15.75,22.300000000000004
2019-08-21,325.37,10.86,19.27,0.0,23.799999999999997,0.0,0.0,43.0,113.75,25.20714285714286,0.0,0.0,8,25.0,22.042857142857144
2019-08-22,325.02,14.71,19.24,3.25,23.3,0.0,0.0,46.25,114.75,24.59285714285715,0.0,0.0,8,22.5,22.10714285714286
2019-08-23,324.96,17.13,19.24,6.5,23.35,0.0,0.0,30.75,117.0,24.164285714285715,0.0,0.0,8,19.5,21.96428571428572
2019-08-24,324.77,12.66,19.24,4.0,22.1,0.0,0.0,34.25,121.0,23.485714285714288,0.0,0.0,8,15.5,22.07857142857143
2019-08-25,324.45,10.73,19.19,1.25,20.85,0.0,0.0,35.5,121.75,22.764285714285712,0.0,0.0,8,14.25,22.20714285714286
2019-08-26,324.04,8.94,19.13,0.0,20.95,0.0,0.0,35.5,121.5,22.25714285714286,0.0,0.0,8,15.0,22.064285714285717
2019-08-27,323.57,7.63,19.06,0.75,21.75,0.0,0.0,15.75,121.25,22.300000000000004,0.0,0.0,8,14.5,21.95714285714286
2019-08-28,323.18,11.93,18.99,9.25,22.0,0.0,0.0,25.0,129.75,22.042857142857144,0.0,0.0,8,5.25,21.95714285714286
2019-08-29,322.82,10.27,18.49,0.75,23.75,0.0,0.0,22.5,130.5,22.10714285714286,0.0,0.0,8,4.5,21.500000000000004
2019-08-30,322.48,10.5,17.39,3.5,22.35,0.0,0.0,19.5,134.0,21.96428571428572,0.0,0.0,8,1.0,21.857142857142858
2019-08-31,322.16,9.37,17.31,0.0,22.9,0.0,0.0,15.5,134.0,22.07857142857143,0.0,0.0,8,1.0,22.114285714285717
2019-09-01,321.77,8.42,17.25,0.0,21.75,0.0,0.0,14.25,134.0,22.20714285714286,0.0,0.0,9,1.0,22.750000000000004
2019-09-02,321.35,7.91,17.17,0.75,19.95,0.0,0.0,15.0,134.75,22.064285714285717,0.0,0.0,9,4.0,23.62142857142857
2019-09-03,320.89,6.9,16.99,0.25,21.0,0.0,0.0,14.5,135.0,21.95714285714286,0.0,0.0,9,4.25,24.264285714285712
2019-09-04,320.39,6.26,16.94,0.0,22.0,0.0,0.0,5.25,134.25,21.95714285714286,0.0,0.0,9,39.25,23.978571428571428
2019-09-05,319.87,5.76,16.83,0.0,20.55,0.0,0.0,4.5,134.25,21.500000000000004,0.0,0.0,9,39.25,23.78571428571429
2019-09-06,319.35,6.05,15.65,0.0,24.85,0.0,0.0,1.0,134.25,21.857142857142858,0.0,0.0,9,39.25,22.714285714285715
2019-09-07,318.9,5.58,14.98,0.0,24.700000000000003,0.0,0.0,1.0,134.25,22.114285714285717,0.0,0.0,9,39.25,21.95
2019-09-08,318.42,5.15,14.91,0.0,26.200000000000003,0.0,0.0,1.0,134.25,22.750000000000004,0.0,0.0,9,39.25,21.33571428571429
2019-09-09,317.93,5.46,14.82,3.75,26.049999999999997,0.0,0.0,4.0,77.0,23.62142857142857,0.0,0.0,9,36.0,20.650000000000002
2019-09-10,317.48,4.95,11.35,0.5,25.5,0.0,0.0,4.25,77.5,24.264285714285712,0.0,0.0,9,35.75,19.97142857142857
2019-09-11,317.49,10.91,4.12,35.0,20.0,0.0,0.0,39.25,112.5,23.978571428571428,0.0,0.0,9,0.75,19.571428571428573
2019-09-12,317.85,8.41,4.14,0.0,19.2,0.0,0.0,39.25,112.5,23.78571428571429,0.0,0.0,9,0.75,19.157142857142862
2019-09-13,317.99,6.09,4.15,0.0,17.35,0.0,0.0,39.25,112.5,22.714285714285715,0.0,0.0,9,1.25,19.00714285714286
2019-09-14,318.07,5.33,4.15,0.0,19.35,0.0,0.0,39.25,112.5,21.95,0.0,0.0,9,1.25,18.435714285714287
2019-09-15,318.12,4.75,4.15,0.0,21.9,0.0,0.0,39.25,90.5,21.33571428571429,0.0,0.0,9,4.5,17.685714285714287
2019-09-16,318.14,4.56,4.16,0.5,21.25,0.0,0.0,36.0,90.5,20.650000000000002,0.0,0.0,9,23.0,17.264285714285716
2019-09-17,318.16,4.36,4.16,0.25,20.75,0.0,0.0,35.75,90.75,19.97142857142857,0.0,0.0,9,24.0,16.92142857142857
2019-09-18,318.15,3.76,4.16,0.0,17.2,0.0,0.0,0.75,90.75,19.571428571428573,0.0,0.0,9,24.0,16.771428571428572
2019-09-19,318.14,3.91,3.91,0.0,16.3,0.0,0.0,0.75,70.25,19.157142857142862,0.0,0.0,9,24.0,16.521428571428572
2019-09-20,318.13,3.68,4.08,0.5,16.299999999999997,0.0,0.0,1.25,70.75,19.00714285714286,0.0,0.0,9,23.5,16.407142857142862
2019-09-21,318.1,3.49,4.09,0.0,15.35,0.0,0.0,1.25,67.5,18.435714285714287,0.0,0.0,9,23.5,16.55
2019-09-22,318.07,3.7,4.1,3.25,16.65,0.0,0.0,4.5,64.25,17.685714285714287,0.0,0.0,9,27.75,16.75714285714286
2019-09-23,318.19,8.1,4.11,19.0,18.3,0.0,0.0,23.0,79.25,17.264285714285716,0.0,0.0,9,8.75,16.95
2019-09-24,318.47,11.69,4.12,1.25,18.35,0.0,0.0,24.0,79.25,16.92142857142857,0.0,0.0,9,7.5,16.964285714285715
2019-09-25,318.73,6.93,4.14,0.0,16.15,0.0,0.0,24.0,79.25,16.771428571428572,0.0,0.0,9,7.5,17.314285714285717
2019-09-26,318.82,5.34,4.14,0.0,14.55,0.0,0.0,24.0,78.5,16.521428571428572,0.0,0.0,9,11.5,17.871428571428574
2019-09-27,318.86,4.53,4.13,0.0,15.5,0.0,0.0,23.5,69.25,16.407142857142862,0.0,0.0,9,31.75,18.571428571428573
2019-09-28,318.87,4.33,4.13,0.0,16.35,0.0,0.0,23.5,68.5,16.55,0.0,0.0,9,32.0,18.807142857142857
2019-09-29,318.89,4.35,4.15,7.5,18.1,0.0,0.0,27.75,72.5,16.75714285714286,0.0,0.0,9,26.25,18.414285714285715
2019-09-30,318.89,3.95,4.15,0.0,19.65,0.0,0.0,8.75,72.5,16.95,0.0,0.0,9,26.25,17.67142857142857
2019-10-01,318.87,3.74,4.14,0.0,18.450000000000003,0.0,0.0,7.5,72.5,16.964285714285715,0.0,0.0,10,59.75,17.314285714285713
2019-10-02,318.84,3.54,4.14,0.0,18.6,0.0,0.0,7.5,71.75,17.314285714285717,0.0,0.0,10,60.0,16.607142857142858
2019-10-03,318.81,3.75,4.15,4.0,18.45,0.0,0.0,11.5,75.5,17.871428571428574,0.0,0.0,10,56.0,15.885714285714286
2019-10-04,318.98,26.69,4.15,20.25,20.4,0.0,0.0,31.75,95.75,18.571428571428573,0.0,0.0,10,37.0,15.414285714285715
2019-10-05,320.63,27.59,4.21,0.25,18.0,0.0,0.0,32.0,96.0,18.807142857142857,0.0,0.0,10,118.0,15.235714285714286
2019-10-06,321.3,14.11,4.22,1.75,15.350000000000001,0.0,0.0,26.25,97.75,18.414285714285715,0.0,0.0,10,149.0,15.092857142857143
2019-10-07,321.68,11.75,4.21,0.0,14.45,0.0,0.0,26.25,97.75,17.67142857142857,0.0,0.0,10,149.0,14.65714285714286
2019-10-08,322.11,16.36,3.84,33.5,15.95,0.0,0.0,59.75,131.25,17.314285714285713,0.0,0.0,10,115.75,13.98571428571429
2019-10-09,322.81,18.15,3.7,0.25,13.65,0.0,0.0,60.0,127.75,16.607142857142858,0.0,0.0,10,115.5,13.392857142857144
2019-10-10,323.28,12.36,3.9,0.0,13.4,0.0,0.0,56.0,127.25,15.885714285714286,0.0,0.0,10,115.5,12.792857142857144
2019-10-11,323.56,10.64,8.12,1.25,17.1,0.0,0.0,37.0,93.5,15.414285714285715,0.0,0.0,10,114.25,11.85
2019-10-12,323.62,42.82,15.66,81.25,16.75,0.0,0.0,118.0,174.75,15.235714285714286,0.0,0.0,10,67.5,11.400000000000002
2019-10-13,329.2,167.04,15.34,32.75,14.350000000000001,0.0,0.0,149.0,207.5,15.092857142857143,0.0,0.0,10,34.75,11.342857142857143
2019-10-14,331.19,37.4,16.03,0.0,11.4,0.0,0.0,149.0,207.5,14.65714285714286,0.0,0.0,10,34.75,11.471428571428573
2019-10-15,331.71,22.17,9.17,0.25,11.25,0.0,0.0,115.75,207.75,13.98571428571429,0.0,0.0,10,38.0,11.742857142857144
2019-10-16,332.18,15.18,3.95,0.0,9.5,0.0,0.0,115.5,207.25,13.392857142857144,0.0,0.0,10,38.0,12.500000000000002
2019-10-17,332.51,11.89,3.98,0.0,9.2,0.0,0.0,115.5,207.0,12.792857142857144,0.0,0.0,10,38.0,13.292857142857144
2019-10-18,332.76,10.46,3.97,0.0,10.5,0.0,0.0,114.25,207.0,11.85,0.0,0.0,10,51.75,13.75
2019-10-19,333.27,30.97,3.97,34.5,13.6,0.0,0.0,67.5,241.5,11.400000000000002,0.0,0.0,10,26.75,14.021428571428572
2019-10-20,334.18,22.39,3.97,0.0,13.95,0.0,0.0,34.75,241.0,11.342857142857143,0.0,0.0,10,29.25,13.85714285714286
2019-10-21,334.65,15.15,3.94,0.0,12.3,0.0,0.0,34.75,241.0,11.471428571428573,0.0,0.0,10,29.25,13.392857142857144
2019-10-22,334.99,13.69,3.9,3.5,13.15,0.0,0.0,38.0,241.25,11.742857142857144,0.0,0.0,10,25.75,12.871428571428572
2019-10-23,335.27,11.82,5.79,0.0,14.8,0.0,0.0,38.0,222.25,12.500000000000002,0.0,0.0,10,30.0,12.400000000000002
2019-10-24,335.39,9.79,7.08,0.0,14.75,0.0,0.0,38.0,221.0,13.292857142857144,0.0,0.0,10,30.0,11.87857142857143
2019-10-25,335.55,13.95,3.84,13.75,13.7,0.0,0.0,51.75,234.75,13.75,0.0,0.0,10,21.75,11.6
2019-10-26,336.13,25.83,3.85,9.5,15.5,0.0,0.0,26.75,244.25,14.021428571428572,0.0,0.0,10,12.25,10.707142857142857
2019-10-27,336.62,15.6,3.87,2.5,12.8,0.0,0.0,29.25,246.75,13.85714285714286,0.0,0.0,10,10.0,10.071428571428573
2019-10-28,336.94,12.2,3.87,0.0,9.05,0.0,0.0,29.25,246.75,13.392857142857144,0.0,0.0,10,10.0,9.771428571428572
2019-10-29,337.18,10.8,3.87,0.0,9.5,0.0,0.0,25.75,239.25,12.871428571428572,0.0,0.0,10,10.25,9.542857142857144
2019-10-30,337.39,10.5,3.87,4.25,11.5,0.0,0.0,30.0,243.5,12.400000000000002,0.0,0.0,10,11.75,9.242857142857144
2019-10-31,337.58,8.93,3.88,0.0,11.100000000000001,0.0,0.0,30.0,243.5,11.87857142857143,0.0,0.0,10,19.25,8.807142857142859
2019-11-01,337.74,9.24,3.88,5.5,11.75,0.0,0.0,21.75,249.0,11.6,0.0,0.0,11,14.5,8.092857142857143
2019-11-02,337.89,7.97,3.87,0.0,9.25,0.0,0.0,12.25,245.0,10.707142857142857,0.0,0.0,11,16.5,7.692857142857144
2019-11-03,338.01,7.34,3.87,0.25,8.35,0.0,0.0,10.0,225.0,10.071428571428573,0.0,0.0,11,16.25,7.307142857142859
2019-11-04,338.08,7.4,5.79,0.0,6.95,0.0,0.0,10.0,224.75,9.771428571428572,0.0,0.0,11,18.0,7.2285714285714295
2019-11-05,338.08,6.87,9.11,0.25,7.8999999999999995,0.0,0.0,10.25,223.25,9.542857142857144,0.0,0.0,11,28.0,7.550000000000002
2019-11-06,338.04,8.22,8.54,5.75,9.4,0.0,0.0,11.75,229.0,9.242857142857144,0.0,0.0,11,22.25,7.471428571428572
2019-11-07,338.01,8.53,8.53,7.5,8.05,0.0,0.0,19.25,203.0,8.807142857142859,0.0,0.0,11,32.75,7.371428571428573
2019-11-08,338.07,9.38,6.83,0.75,6.75,0.0,0.0,14.5,203.5,8.092857142857143,0.0,0.0,11,42.0,7.17857142857143
2019-11-09,338.17,7.78,3.91,2.0,6.45,0.0,0.0,16.5,205.5,7.692857142857144,0.0,0.0,11,45.0,7.042857142857144
2019-11-10,338.29,7.46,3.91,0.0,5.65,0.0,0.0,16.25,204.25,7.307142857142859,0.0,0.0,11,48.0,6.850000000000001
2019-11-11,338.39,6.8,3.9,1.75,6.4,0.0,0.0,18.0,124.75,7.2285714285714295,0.0,0.0,11,55.75,6.650000000000001
2019-11-12,338.64,15.82,3.89,10.25,10.15,0.0,0.0,28.0,102.25,7.550000000000002,0.0,0.0,11,63.0,5.950000000000001
2019-11-13,338.92,10.99,3.9,0.0,8.85,0.0,0.0,22.25,102.25,7.471428571428572,0.0,0.0,11,72.75,4.814285714285716
2019-11-14,339.24,20.67,3.9,18.0,7.3500000000000005,0.0,0.0,32.75,120.0,7.371428571428573,0.0,0.0,11,56.25,4.192857142857144
2019-11-15,339.76,21.35,3.89,10.0,5.4,0.0,0.0,42.0,130.0,7.17857142857143,0.0,0.0,11,46.25,3.842857142857144
2019-11-16,340.38,23.04,3.9,5.0,5.5,0.0,0.0,45.0,135.0,7.042857142857144,0.0,0.0,11,41.25,3.7571428571428576
2019-11-17,340.94,22.1,3.89,3.0,4.3,0.0,0.0,48.0,138.0,6.850000000000001,0.0,0.0,11,46.0,4.37857142857143
2019-11-18,341.38,18.28,3.88,9.5,5.0,0.0,0.0,55.75,113.0,6.650000000000001,0.0,0.0,11,38.0,4.614285714285715
2019-11-19,341.98,29.78,3.88,17.5,5.25,3.5,3.5,63.0,130.5,5.950000000000001,0.11666666666666667,3.5,11,20.5,4.050000000000001
2019-11-20,342.66,23.45,3.88,9.75,0.9,11.5,10.5,72.75,140.25,4.814285714285716,0.5,14.0,11,11.0,4.171428571428573
2019-11-21,343.12,17.71,3.87,1.5,3.0,11.5,1.0,56.25,138.25,4.192857142857144,0.8833333333333333,15.0,11,9.5,3.857142857142858
2019-11-22,343.45,14.21,3.85,0.0,2.95,7.0,0.0,46.25,138.25,3.842857142857144,1.1166666666666667,15.0,11,14.0,3.3928571428571437
2019-11-23,343.71,13.51,3.86,0.0,4.9,4.5,0.0,41.25,138.25,3.7571428571428576,1.2666666666666666,15.0,11,14.0,2.7642857142857156
2019-11-24,344.18,33.03,8.29,7.75,8.65,1.0,0.0,46.0,132.25,4.37857142857143,1.3,15.0,11,6.25,1.7857142857142867
2019-11-25,344.81,35.99,17.65,1.5,6.65,0.0,0.0,38.0,124.25,4.614285714285715,1.3,15.0,11,10.5,1.6285714285714294
2019-11-26,345.12,23.25,17.66,0.0,1.3,0.0,0.0,20.5,121.75,4.050000000000001,1.3,11.5,11,19.75,1.7428571428571438
2019-11-27,345.18,16.91,17.66,0.25,1.75,0.0,0.0,11.0,122.0,4.171428571428573,1.3,1.0,11,33.5,1.4428571428571437
2019-11-28,345.11,13.88,17.62,0.0,0.8,0.0,0.0,9.5,122.0,3.857142857142858,1.3,0.0,11,50.75,1.0571428571428583
2019-11-29,344.97,11.87,17.74,4.5,-0.3,6.0,6.5,14.0,122.25,3.3928571428571437,1.5,6.5,11,54.75,1.0071428571428582
2019-11-30,344.8,10.48,17.82,0.0,0.49999999999999994,6.0,0.5,14.0,122.25,2.7642857142857156,1.7,7.0,11,60.25,1.0357142857142867
2019-12-01,344.64,9.32,11.52,0.0,1.7999999999999998,3.0,0.0,6.25,116.75,1.7857142857142867,1.8,7.0,12,60.25,0.8928571428571439
2019-12-02,344.66,10.4,7.47,5.75,5.55,0.0,0.0,10.5,122.5,1.6285714285714294,1.8,7.0,12,54.5,-0.07142857142857041
2019-12-03,344.84,15.15,7.45,9.25,2.1,7.0,7.0,19.75,131.5,1.7428571428571438,2.033333333333333,14.0,12,45.25,-0.46428571428571325
2019-12-04,344.95,12.86,13.59,14.0,-0.35,25.5,19.0,33.5,145.5,1.4428571428571437,2.8833333333333333,33.0,12,31.25,-0.09285714285714183
2019-12-05,344.83,11.39,15.79,17.25,-1.9,49.5,27.0,50.75,162.5,1.0571428571428583,4.533333333333333,60.0,12,21.25,0.5071428571428581
2019-12-06,344.77,10.3,12.13,8.5,-0.65,56.0,7.0,54.75,165.25,1.0071428571428582,6.4,60.5,12,13.25,0.8071428571428582
2019-12-07,344.7,9.55,12.12,5.5,0.7000000000000001,41.0,1.0,60.25,163.25,1.0357142857142867,7.766666666666667,61.0,12,20.0,0.9857142857142868
2019-12-08,344.62,8.4,10.6,0.0,0.7999999999999999,29.0,0.0,60.25,162.5,0.8928571428571439,8.733333333333333,61.0,12,20.75,0.9642857142857153
2019-12-09,344.62,7.31,6.21,0.0,-1.2,23.0,0.0,54.5,160.5,-0.07142857142857041,9.5,61.0,12,20.75,1.2357142857142864
2019-12-10,344.66,7.67,6.2,0.0,-0.6500000000000001,21.0,0.0,45.25,160.5,-0.46428571428571325,10.2,54.0,12,21.25,1.392857142857144
2019-12-11,344.71,9.13,6.2,0.0,2.25,18.0,0.0,31.25,158.75,-0.09285714285714183,10.8,35.0,12,24.5,1.6642857142857153
2019-12-12,344.88,19.28,11.58,7.25,2.3,17.0,0.5,21.25,155.75,0.5071428571428581,11.366666666666667,8.5,12,17.5,1.6428571428571441
2019-12-13,344.92,13.61,17.65,0.5,1.45,17.0,2.5,13.25,156.25,0.8071428571428582,11.933333333333334,4.0,12,19.0,1.6928571428571437
2019-12-14,344.79,14.22,16.79,12.25,1.95,15.0,4.0,20.0,150.5,0.9857142857142868,12.433333333333334,7.0,12,14.25,1.542857142857144
2019-12-15,344.8,13.83,14.2,0.75,0.65,17.0,3.5,20.75,141.25,0.9642857142857153,13.0,10.5,12,13.75,1.6928571428571442
2019-12-16,344.74,11.27,14.2,0.0,0.7,15.0,0.0,20.75,136.25,1.2357142857142864,13.5,10.5,12,15.5,1.9357142857142868
2019-12-17,344.66,9.8,10.53,0.5,0.45000000000000007,13.0,0.0,21.25,133.75,1.392857142857144,13.933333333333334,10.5,12,16.75,1.742857142857144
2019-12-18,344.82,20.07,11.27,3.25,4.15,11.5,0.0,24.5,127.5,1.6642857142857153,14.316666666666666,10.5,12,16.75,1.1785714285714295
2019-12-19,344.89,15.15,17.72,0.25,2.15,8.0,0.0,17.5,110.25,1.6428571428571441,14.466666666666667,10.0,12,18.25,1.1214285714285723
2019-12-20,344.79,12.58,17.72,2.0,1.8,8.0,0.0,19.0,102.5,1.6928571428571437,14.35,7.5,12,27.75,0.9500000000000011
2019-12-21,344.65,11.33,13.16,7.5,0.8999999999999999,8.0,0.5,14.25,108.5,1.542857142857144,14.233333333333333,4.0,12,20.75,0.7928571428571439
2019-12-22,344.65,9.69,10.42,0.25,1.7,7.5,0.0,13.75,108.75,1.6928571428571442,14.25,0.5,12,20.5,0.6071428571428582
2019-12-23,344.63,9.0,9.37,1.75,2.4000000000000004,7.5,0.5,15.5,110.5,1.9357142857142868,14.35,1.0,12,19.75,0.09285714285714386
2019-12-24,344.63,8.11,8.48,1.75,-0.8999999999999999,13.5,6.0,16.75,104.5,1.742857142857144,14.766666666666667,7.0,12,29.25,0.2357142857142867
2019-12-25,344.62,8.08,7.35,3.25,0.19999999999999996,11.5,1.5,16.75,106.25,1.1785714285714295,15.15,8.5,12,34.5,-0.007142857142856134
2019-12-26,344.67,8.4,6.2,1.75,1.75,9.5,1.0,18.25,108.0,1.1214285714285723,15.466666666666667,9.5,12,34.75,-0.3142857142857133
2019-12-27,344.74,8.77,6.2,11.5,0.6,11.5,4.5,27.75,119.25,0.9500000000000011,15.85,14.0,12,28.75,-0.4714285714285705
2019-12-28,344.78,7.29,6.19,0.5,-0.2,11.0,2.5,20.75,119.75,0.7928571428571439,16.216666666666665,16.0,12,29.0,-0.549999999999999
2019-12-29,344.81,6.92,6.19,0.0,0.39999999999999997,10.5,0.0,20.5,115.25,0.6071428571428582,16.366666666666667,16.0,12,29.5,-0.8357142857142846
2019-12-30,344.82,6.92,6.19,1.0,-1.2000000000000002,9.0,0.0,19.75,116.25,0.09285714285714386,16.466666666666665,15.5,12,28.5,-0.5428571428571418
2019-12-31,344.91,15.27,9.77,11.25,0.09999999999999998,13.0,7.0,29.25,127.5,0.2357142857142867,16.8,16.5,12,17.5,-0.9357142857142847
2020-01-01,344.9,12.06,17.56,8.5,-1.5,33.5,21.5,34.5,130.25,-0.007142857142856134,17.916666666666668,36.5,1,37.0,-0.5499999999999989
2020-01-02,344.75,10.27,16.14,2.0,-0.4,36.5,3.0,34.75,123.0,-0.3142857142857133,18.9,38.5,1,45.25,-0.21428571428571325
2020-01-03,344.71,8.74,6.17,5.5,-0.5,31.0,7.0,28.75,114.5,-0.4714285714285705,19.083333333333332,41.0,1,39.75,0.13571428571428676
2020-01-04,344.77,7.62,6.15,0.75,-0.75,30.0,1.5,29.0,98.0,-0.549999999999999,18.433333333333334,40.0,1,43.5,0.41428571428571537
2020-01-05,344.81,7.27,6.17,0.5,-1.6,27.0,2.0,29.5,90.0,-0.8357142857142846,17.466666666666665,42.0,1,43.25,0.6785714285714296
2020-01-06,344.83,6.89,6.16,0.0,0.8500000000000001,27.0,1.5,28.5,84.5,-0.5428571428571418,17.0,43.5,1,43.75,0.6000000000000011
2020-01-07,344.84,6.54,6.17,0.25,-2.65,24.0,0.5,17.5,84.75,-0.9357142857142847,16.833333333333332,37.0,1,44.25,0.9571428571428581
2020-01-08,344.88,8.65,7.92,28.0,1.2000000000000002,31.5,11.5,37.0,112.75,-0.5499999999999989,17.116666666666667,27.0,1,17.75,0.842857142857144
2020-01-09,344.87,11.11,11.48,10.25,1.95,23.5,3.5,45.25,123.0,-0.21428571428571325,17.2,27.5,1,8.25,0.550000000000001
2020-01-10,344.82,8.26,10.46,0.0,1.95,19.0,0.0,39.75,123.0,0.13571428571428676,17.233333333333334,20.5,1,10.75,0.35000000000000103
2020-01-11,344.79,7.69,8.42,4.5,1.2,19.0,3.5,43.5,120.25,0.41428571428571537,17.3,22.5,1,6.25,-0.14285714285714182
2020-01-12,344.76,7.31,8.41,0.25,0.24999999999999997,17.0,0.0,43.25,120.0,0.6785714285714296,17.3,20.5,1,6.0,-0.39285714285714185
2020-01-13,344.72,6.58,8.41,0.5,0.30000000000000004,17.5,1.0,43.75,108.25,0.6000000000000011,17.383333333333333,20.0,1,16.25,-0.26428571428571324
2020-01-14,344.69,6.65,7.02,0.75,-0.14999999999999997,17.0,2.0,44.25,108.25,0.9571428571428581,17.383333333333333,21.5,1,21.5,-0.3285714285714275
2020-01-15,344.69,6.19,6.19,1.5,0.4,17.5,2.0,17.75,109.75,0.842857142857144,17.466666666666665,12.0,1,20.0,-0.49285714285714183
2020-01-16,344.69,5.83,6.2,0.75,-0.09999999999999998,18.0,2.5,8.25,110.0,0.550000000000001,17.633333333333333,11.0,1,19.5,-0.47142857142857036
2020-01-17,344.68,5.83,6.2,2.5,0.55,21.5,3.5,10.75,109.25,0.35000000000000103,17.966666666666665,14.5,1,17.25,-0.47142857142857036
2020-01-18,344.66,5.47,6.2,0.0,-2.25,17.5,0.0,6.25,109.0,-0.14285714285714182,18.283333333333335,11.0,1,17.25,-0.2928571428571418
2020-01-19,344.64,5.1,6.2,0.0,-1.5,17.0,0.0,6.0,107.0,-0.39285714285714185,18.583333333333332,11.0,1,17.25,-0.21428571428571325
2020-01-20,344.62,5.83,6.2,10.75,1.2,25.0,11.5,16.25,110.25,-0.26428571428571324,19.15,21.5,1,6.5,-0.27142857142857035
2020-01-21,344.61,5.41,5.04,6.0,-0.6,32.0,9.0,21.5,116.0,-0.3285714285714275,19.966666666666665,28.5,1,4.0,0.14285714285714388
2020-01-22,344.62,4.53,4.16,0.0,-0.75,26.5,0.0,20.0,114.25,-0.49285714285714183,20.6,26.5,1,22.0,0.7357142857142868
2020-01-23,344.65,4.99,3.89,0.25,0.05000000000000002,24.5,0.5,19.5,112.75,-0.47142857142857036,20.966666666666665,24.5,1,26.25,1.2357142857142869
2020-01-24,344.67,4.99,3.89,0.25,0.55,22.5,0.0,17.25,109.75,-0.47142857142857036,21.333333333333332,21.0,1,36.5,1.4714285714285726
2020-01-25,344.68,3.88,3.88,0.0,-1.0,21.0,0.0,17.25,108.0,-0.2928571428571418,21.716666666666665,21.0,1,43.5,1.950000000000001
2020-01-26,344.69,4.25,3.88,0.0,-0.95,21.0,0.0,17.25,96.5,-0.21428571428571325,22.033333333333335,21.0,1,44.5,2.314285714285716
2020-01-27,344.7,3.88,3.88,0.0,0.8,20.5,0.0,6.5,96.0,-0.27142857142857035,22.35,9.5,1,53.0,2.2285714285714295
2020-01-28,344.71,5.13,6.6,3.5,2.3,20.0,0.0,4.0,99.5,0.14285714285714388,22.666666666666668,0.5,1,51.75,1.7285714285714298
2020-01-29,344.54,12.2,17.7,18.0,3.4000000000000004,18.5,0.0,22.0,116.5,0.7357142857142868,22.983333333333334,0.5,1,48.5,0.9214285714285724
2020-01-30,344.54,19.19,17.72,4.5,3.55,15.5,0.5,26.25,109.75,1.2357142857142869,23.066666666666666,0.5,1,51.75,-0.36428571428571327
2020-01-31,344.54,14.21,13.84,10.5,2.2,20.0,7.0,36.5,111.75,1.4714285714285726,22.616666666666667,7.5,1,45.25,-1.1142857142857132
2020-02-01,344.62,10.22,6.18,7.0,2.35,21.0,2.0,43.5,116.75,1.950000000000001,22.1,9.5,2,40.5,-1.749999999999999
2020-02-02,344.71,8.38,6.18,1.0,1.6,20.5,1.5,44.5,112.25,2.314285714285716,21.75,11.0,2,40.0,-2.707142857142856
2020-02-03,344.76,7.96,5.03,8.5,0.20000000000000007,20.5,3.5,53.0,120.0,2.2285714285714295,21.433333333333334,14.5,2,31.5,-3.1285714285714272
2020-02-04,344.85,7.27,4.34,2.25,-1.2,27.5,8.5,51.75,121.75,1.7285714285714298,21.45,23.0,2,29.25,-3.2785714285714276
2020-02-05,344.92,7.32,5.49,14.75,-2.25,52.0,29.5,48.5,136.5,0.9214285714285724,22.283333333333335,52.5,2,14.5,-2.885714285714285
2020-02-06,344.93,6.76,8.23,7.75,-5.45,62.0,15.5,51.75,144.0,-0.36428571428571327,23.55,67.5,2,9.5,-1.799999999999999
2020-02-07,344.84,6.59,10.26,4.0,-3.05,57.5,6.5,45.25,120.0,-1.1142857142857132,24.416666666666668,67.0,2,7.25,-0.4285714285714273
2020-02-08,344.75,5.08,7.65,2.25,-2.1,54.0,4.0,40.5,112.0,-1.749999999999999,25.433333333333334,69.0,2,6.0,0.5500000000000013
2020-02-09,344.72,3.82,4.19,0.5,-5.1,49.0,5.0,40.0,112.5,-2.707142857142856,26.433333333333334,72.5,2,21.25,1.5714285714285725
2020-02-10,344.71,5.46,6.19,0.0,-2.75,47.5,0.0,31.5,108.0,-3.1285714285714272,27.383333333333333,69.0,2,31.5,2.3928571428571437
2020-02-11,344.68,5.09,6.19,0.0,-2.25,43.5,0.0,29.25,107.75,-3.2785714285714276,28.266666666666666,60.5,2,41.0,2.8285714285714296
2020-02-12,344.66,5.06,5.43,0.0,0.49999999999999994,41.5,0.0,14.5,107.25,-2.885714285714285,29.066666666666666,31.0,2,43.75,2.9928571428571438
2020-02-13,344.67,5.44,4.34,2.75,2.15,37.5,0.0,9.5,109.25,-1.799999999999999,29.75,15.5,2,41.75,2.87857142857143
2020-02-14,344.78,12.72,7.22,1.75,6.550000000000001,34.0,0.0,7.25,109.5,-0.4285714285714273,30.3,9.0,2,40.25,2.0214285714285722
2020-02-15,344.94,19.64,14.5,1.0,4.75,27.5,0.0,6.0,109.75,0.5500000000000013,30.616666666666667,5.0,2,46.25,1.707142857142858
2020-02-16,344.96,16.55,17.65,15.75,2.05,25.5,0.0,21.25,123.0,1.5714285714285725,30.75,0.0,2,39.5,1.6357142857142866
2020-02-17,345.09,27.7,17.67,10.25,3.0,24.0,1.0,31.5,133.25,2.3928571428571437,30.966666666666665,1.0,2,31.5,1.7428571428571438
2020-02-18,345.27,20.37,17.74,9.5,0.7999999999999999,30.5,8.0,41.0,142.75,2.8285714285714296,31.416666666666668,9.0,2,22.0,2.2714285714285722
2020-02-19,345.25,13.99,17.74,2.75,1.65,34.5,4.5,43.75,134.75,2.9928571428571438,31.733333333333334,13.5,2,20.25,2.2428571428571438
2020-02-20,345.1,11.05,17.75,0.75,1.3499999999999999,31.0,1.5,41.75,129.5,2.87857142857143,31.7,15.0,2,19.5,2.1357142857142866
2020-02-21,344.9,10.05,17.75,0.25,0.55,28.0,0.5,40.25,129.75,2.0214285714285722,31.75,15.5,2,19.75,2.092857142857144
2020-02-22,344.69,9.53,14.67,7.0,2.55,28.0,0.0,46.25,136.5,1.707142857142858,31.866666666666667,15.5,2,13.0,2.1785714285714297
2020-02-23,344.75,13.17,7.3,9.0,1.5499999999999998,33.5,8.0,39.5,145.25,1.6357142857142866,32.233333333333334,23.5,2,6.25,2.4714285714285724
2020-02-24,344.85,10.6,7.3,2.25,3.75,33.0,0.0,31.5,147.5,1.7428571428571438,32.63333333333333,22.5,2,7.0,2.164285714285715
2020-02-25,344.93,11.6,11.6,0.0,4.5,26.5,0.0,22.0,147.5,2.2714285714285722,32.81666666666667,14.5,2,14.0,2.0714285714285725
2020-02-26,344.86,10.61,14.28,1.0,1.45,25.5,1.0,20.25,148.5,2.2428571428571438,32.983333333333334,11.0,2,13.75,2.1428571428571437
2020-02-27,344.74,9.13,14.27,0.0,0.6000000000000001,25.0,0.0,19.5,145.0,2.1357142857142866,33.15,9.5,2,32.75,2.414285714285715
2020-02-28,344.62,8.15,9.98,0.5,0.25,25.5,1.0,19.75,127.5,2.092857142857144,33.38333333333333,10.0,2,35.75,2.7142857142857153
2020-02-29,344.64,7.67,6.2,0.25,3.1500000000000004,25.5,0.0,13.0,123.25,2.1785714285714297,33.71666666666667,10.0,2,35.5,2.592857142857144
2020-03-01,344.67,7.3,6.2,2.25,3.6,24.0,0.0,6.25,115.0,2.4714285714285724,33.85,2.0,3,33.25,2.8285714285714296
2020-03-02,344.7,6.94,6.21,3.0,1.6,23.0,0.5,7.0,111.0,2.164285714285715,33.916666666666664,2.5,3,30.25,3.8642857142857148
2020-03-03,344.74,7.55,5.72,7.0,3.8499999999999996,21.5,0.0,14.0,117.0,2.0714285714285725,33.95,2.5,3,54.25,4.521428571428572
2020-03-04,344.78,7.67,6.2,0.75,1.9500000000000002,19.5,0.5,13.75,109.25,2.1428571428571437,33.916666666666664,2.0,3,60.25,5.014285714285715
2020-03-05,344.81,8.87,8.87,19.0,2.5,24.5,7.0,32.75,126.0,2.414285714285715,33.81666666666667,9.0,3,42.5,5.121428571428573
2020-03-06,344.77,7.43,8.9,3.5,2.35,27.0,2.5,35.75,114.75,2.7142857142857153,32.983333333333334,10.5,3,44.0,5.1000000000000005
2020-03-07,344.77,6.91,6.18,0.0,2.3,24.0,0.0,35.5,107.0,2.592857142857144,31.716666666666665,10.5,3,44.0,4.971428571428572
2020-03-08,344.79,6.91,6.18,0.0,5.25,22.5,0.0,33.25,103.0,2.8285714285714296,30.55,10.5,3,44.0,4.542857142857144
2020-03-09,344.83,11.0,8.43,0.0,8.85,20.5,0.0,30.25,100.75,3.8642857142857148,29.433333333333334,10.0,3,48.25,3.492857142857144
2020-03-10,345.33,81.1,18.37,31.0,8.45,17.5,0.0,54.25,131.25,4.521428571428572,28.383333333333333,10.0,3,23.5,2.5214285714285722
2020-03-11,347.42,88.11,33.24,6.75,5.4,15.5,1.0,60.25,138.0,5.014285714285715,27.316666666666666,10.5,3,23.0,2.4857142857142867
2020-03-12,347.94,40.03,40.43,1.25,3.25,15.5,3.0,42.5,139.25,5.121428571428573,26.383333333333333,6.5,3,21.75,3.0214285714285722
2020-03-13,347.74,25.53,37.6,5.0,2.2,12.0,1.5,44.0,144.25,5.1000000000000005,25.4,5.5,3,22.5,3.4571428571428586
2020-03-14,347.42,19.65,33.33,0.0,1.4,11.0,0.5,44.0,141.5,4.971428571428572,24.516666666666666,6.0,3,25.5,4.300000000000001
2020-03-15,347.08,16.09,29.19,0.0,2.25,10.5,0.0,44.0,139.75,4.542857142857144,23.733333333333334,6.0,3,40.5,4.721428571428572
2020-03-16,346.76,13.77,25.87,4.25,1.5,12.5,4.0,48.25,143.0,3.492857142857144,23.233333333333334,10.0,3,36.25,4.992857142857143
2020-03-17,346.47,12.91,23.06,6.25,1.6500000000000001,13.0,4.5,23.5,133.5,2.5214285714285722,22.816666666666666,14.5,3,31.25,5.000000000000001
2020-03-18,346.21,11.21,20.97,6.25,5.15,11.5,1.0,23.0,129.5,2.4857142857142867,22.4,14.5,3,25.0,4.907142857142858
2020-03-19,346.0,13.77,19.53,0.0,7.0,9.0,0.0,21.75,120.0,3.0214285714285722,21.683333333333334,11.5,3,25.0,4.864285714285716
2020-03-20,345.95,18.83,19.21,5.75,5.25,6.0,0.0,22.5,123.0,3.4571428571428586,20.733333333333334,10.0,3,25.5,5.235714285714287
2020-03-21,345.91,17.46,18.99,3.0,7.3,3.5,0.5,25.5,125.25,4.300000000000001,19.816666666666666,10.0,3,23.75,5.207142857142858
2020-03-22,346.0,29.54,19.53,15.0,5.2,0.0,0.0,40.5,140.0,4.721428571428572,18.883333333333333,10.0,3,8.75,4.92857142857143
2020-03-23,346.25,25.91,21.23,0.0,3.4,0.0,0.0,36.25,133.0,4.992857142857143,17.95,6.0,3,8.75,4.992857142857143
2020-03-24,346.25,18.62,21.35,1.25,1.7,2.0,2.0,31.25,125.25,5.000000000000001,16.9,3.5,3,7.5,5.721428571428572
2020-03-25,346.14,15.05,20.51,0.0,4.5,0.0,0.0,25.0,123.0,4.907142857142858,15.8,2.5,3,24.75,6.421428571428573
2020-03-26,346.0,14.02,18.61,0.0,6.7,0.0,0.0,25.0,123.0,4.864285714285716,14.916666666666666,2.5,3,41.75,6.521428571428572
2020-03-27,345.9,16.52,18.81,6.25,7.85,0.0,0.0,25.5,128.25,5.235714285714287,14.066666666666666,2.5,3,35.5,6.550000000000002
2020-03-28,346.11,35.98,20.12,1.25,7.1,0.0,0.0,23.75,129.5,5.207142857142858,13.233333333333333,2.0,3,38.0,6.735714285714287
2020-03-29,346.37,25.66,22.15,0.0,3.25,0.0,0.0,8.75,129.0,4.92857142857143,12.383333333333333,2.0,3,44.5,6.842857142857143
2020-03-30,346.34,18.41,21.92,0.0,3.8499999999999996,0.0,0.0,8.75,128.75,4.992857142857143,11.533333333333333,2.0,3,55.75,6.7357142857142875
2020-03-31,346.25,19.28,21.23,0.0,6.8,0.0,0.0,7.5,126.5,5.721428571428572,10.733333333333333,0.0,3,55.75,6.735714285714287
2020-04-01,346.32,32.27,21.73,17.25,9.4,0.0,0.0,24.75,140.75,6.421428571428573,9.966666666666667,0.0,4,39.75,6.514285714285715
2020-04-02,347.31,82.33,31.89,17.0,7.4,0.0,0.0,41.75,150.75,6.521428571428572,9.25,0.0,4,24.5,6.264285714285715
2020-04-03,347.87,43.44,39.42,0.0,8.05,0.0,0.0,35.5,150.0,6.550000000000002,8.6,0.0,4,33.75,5.592857142857143
2020-04-04,347.83,35.67,38.89,3.75,8.4,0.0,0.0,38.0,134.75,6.735714285714287,7.783333333333333,0.0,4,30.0,5.214285714285715
2020-04-05,347.76,32.68,37.91,6.5,4.0,1.0,1.0,44.5,137.75,6.842857142857143,6.916666666666667,1.0,4,24.25,5.500000000000001
2020-04-06,347.57,25.65,35.31,11.25,3.0999999999999996,4.0,3.5,55.75,149.0,6.7357142857142875,6.25,4.5,4,13.0,5.935714285714286
2020-04-07,347.28,19.56,31.63,0.0,6.800000000000001,1.0,0.5,55.75,149.0,6.735714285714287,5.533333333333333,5.0,4,13.25,5.835714285714287
2020-04-08,347.0,19.72,28.39,1.25,7.85,0.0,0.0,39.75,150.25,6.514285714285715,4.85,5.0,4,12.25,5.935714285714288
2020-04-09,346.84,21.2,26.66,1.75,5.65,0.0,0.0,24.5,121.0,6.264285714285715,4.266666666666667,5.0,4,10.5,6.014285714285715
2020-04-10,346.7,19.0,25.24,9.25,3.35,1.0,1.0,33.75,123.5,5.592857142857143,3.783333333333333,6.0,4,1.25,6.492857142857145
2020-04-11,346.52,16.07,23.49,0.0,5.75,0.0,0.0,30.0,122.25,5.214285714285715,3.2666666666666666,6.0,4,24.5,6.750000000000001
2020-04-12,346.33,14.82,21.85,0.75,6.0,0.0,0.0,24.25,118.0,5.500000000000001,2.8666666666666667,5.0,4,26.0,7.300000000000002
2020-04-13,346.18,15.23,20.69,0.0,6.15,0.0,0.0,13.0,118.0,5.935714285714286,2.5,1.5,4,40.0,7.650000000000001
2020-04-14,346.03,14.01,19.78,0.25,6.1,0.0,0.0,13.25,118.25,5.835714285714287,2.15,1.0,4,41.0,8.071428571428573
2020-04-15,345.89,15.19,19.01,0.25,8.55,0.0,0.0,12.25,114.25,5.935714285714288,1.7333333333333334,1.0,4,46.0,7.507142857142859
2020-04-16,345.84,18.02,18.78,0.0,6.2,0.0,0.0,10.5,108.0,6.014285714285715,1.3,1.0,4,51.5,7.321428571428574
2020-04-17,345.83,18.73,18.73,0.0,6.7,0.0,0.0,1.25,101.75,6.492857142857145,0.9166666666666666,0.0,4,55.0,6.971428571428573
2020-04-18,345.96,44.58,19.39,23.25,7.55,0.0,0.0,24.5,125.0,6.750000000000001,0.6166666666666667,0.0,4,33.25,6.864285714285716
2020-04-19,347.29,79.2,31.61,2.25,9.850000000000001,0.0,0.0,26.0,121.5,7.300000000000002,0.4166666666666667,0.0,4,32.0,6.671428571428573
2020-04-20,347.89,58.23,39.64,14.0,8.600000000000001,0.0,0.0,40.0,132.5,7.650000000000001,0.3,0.0,4,19.0,6.457142857142858
2020-04-21,348.31,56.51,46.22,1.25,9.05,0.0,0.0,41.0,118.75,8.071428571428573,0.3,0.0,4,17.75,6.185714285714286
2020-04-22,348.32,38.84,46.66,5.25,4.6,0.0,0.0,46.0,124.0,7.507142857142859,0.3,0.0,4,12.5,6.864285714285716
2020-04-23,348.02,27.79,42.41,5.5,4.9,0.0,0.0,51.5,128.25,7.321428571428574,0.23333333333333334,0.0,4,7.0,7.778571428571429
2020-04-24,347.64,21.75,37.45,3.5,4.25,0.0,0.0,55.0,131.75,6.971428571428573,0.23333333333333334,0.0,4,3.75,8.957142857142857
2020-04-25,347.27,19.11,32.79,1.5,6.800000000000001,0.0,0.0,33.25,133.25,6.864285714285716,0.23333333333333334,0.0,4,2.25,10.314285714285717
2020-04-26,346.98,19.89,29.32,1.0,8.5,0.0,0.0,32.0,128.0,6.671428571428573,0.23333333333333334,0.0,4,1.25,11.942857142857145
2020-04-27,346.81,22.49,27.56,1.0,7.1,0.0,0.0,19.0,127.75,6.457142857142858,0.23333333333333334,0.0,4,0.25,13.60714285714286
2020-04-28,346.67,20.71,26.17,0.0,7.15,0.0,0.0,17.75,127.75,6.185714285714286,0.23333333333333334,0.0,4,0.5,14.421428571428574
2020-04-29,346.54,20.18,24.86,0.0,9.35,0.0,0.0,12.5,127.75,6.864285714285716,0.23333333333333334,0.0,4,1.75,14.535714285714288
2020-04-30,346.46,22.94,24.11,0.0,11.3,0.0,0.0,7.0,127.75,7.778571428571429,0.23333333333333334,0.0,4,1.75,14.442857142857145
2020-05-01,346.5,29.6,24.53,0.25,12.5,0.0,0.0,3.75,110.75,8.957142857142857,0.23333333333333334,0.0,5,1.5,14.578571428571431
2020-05-02,346.89,57.27,28.48,0.0,16.3,0.0,0.0,2.25,93.75,10.314285714285717,0.23333333333333334,0.0,5,1.5,14.278571428571428
2020-05-03,347.66,63.87,37.71,0.0,19.9,0.0,0.0,1.25,93.75,11.942857142857145,0.23333333333333334,0.0,5,4.25,13.507142857142858
2020-05-04,348.1,55.11,44.09,0.0,18.75,0.0,0.0,0.25,90.0,13.60714285714286,0.23333333333333334,0.0,5,5.25,13.157142857142858
2020-05-05,348.3,50.8,47.1,0.25,12.850000000000001,0.0,0.0,0.5,83.75,14.421428571428574,0.2,0.0,5,5.0,13.55
2020-05-06,348.21,37.23,45.87,1.25,10.15,0.0,0.0,1.75,73.75,14.535714285714288,0.06666666666666667,0.0,5,6.25,13.914285714285715
2020-05-07,347.97,31.06,42.37,0.0,10.65,0.0,0.0,1.75,73.75,14.442857142857145,0.03333333333333333,0.0,5,9.5,14.407142857142858
2020-05-08,347.69,29.09,38.35,0.0,13.45,0.0,0.0,1.5,72.5,14.578571428571431,0.03333333333333333,0.0,5,9.5,14.842857142857143
2020-05-09,347.49,27.24,35.69,0.0,14.2,0.0,0.0,1.5,70.75,14.278571428571428,0.03333333333333333,0.0,5,9.5,15.12857142857143
2020-05-10,347.34,32.55,33.76,2.75,14.5,0.0,0.0,4.25,64.25,13.507142857142858,0.0,0.0,5,10.25,15.314285714285715
2020-05-11,347.44,39.07,35.05,1.0,16.299999999999997,0.0,0.0,5.25,65.25,13.157142857142858,0.0,0.0,5,9.5,15.164285714285715
2020-05-12,347.42,31.58,34.8,0.0,15.600000000000001,0.0,0.0,5.0,64.5,13.55,0.0,0.0,5,31.75,14.47857142857143
2020-05-13,347.35,31.11,33.93,2.5,12.7,0.0,0.0,6.25,67.0,13.914285714285715,0.0,0.0,5,45.0,13.785714285714288
2020-05-14,347.24,27.75,32.58,3.25,14.100000000000001,0.0,0.0,9.5,70.0,14.407142857142858,0.0,0.0,5,43.25,13.092857142857143
2020-05-15,347.11,25.46,31.08,0.0,16.5,0.0,0.0,9.5,69.75,14.842857142857143,0.0,0.0,5,48.75,12.200000000000001
2020-05-16,346.98,24.54,29.61,0.0,16.2,0.0,0.0,9.5,69.75,15.12857142857143,0.0,0.0,5,55.0,11.892857142857144
2020-05-17,346.89,27.41,28.58,3.5,15.8,0.0,0.0,10.25,73.25,15.314285714285715,0.0,0.0,5,51.5,12.200000000000003
2020-05-18,346.87,25.66,28.39,0.25,15.25,0.0,0.0,9.5,50.25,15.164285714285715,0.0,0.0,5,57.5,12.6
2020-05-19,346.96,42.62,29.23,22.25,10.8,0.0,0.0,31.75,70.25,14.47857142857143,0.0,0.0,5,36.25,13.62857142857143
2020-05-20,347.31,41.64,33.19,15.75,7.85,0.0,0.0,45.0,72.0,13.785714285714288,0.0,0.0,5,28.5,14.835714285714289
2020-05-21,347.34,29.69,33.71,1.5,9.25,0.0,0.0,43.25,72.25,13.092857142857143,0.0,0.0,5,27.0,15.700000000000003
2020-05-22,347.2,25.93,31.97,5.5,10.25,0.0,0.0,48.75,72.5,12.200000000000001,0.0,0.0,5,21.5,16.550000000000004
2020-05-23,347.08,28.94,30.55,6.25,14.05,0.0,0.0,55.0,73.25,11.892857142857144,0.0,0.0,5,15.25,17.092857142857145
2020-05-24,347.04,27.35,30.11,0.0,17.950000000000003,0.0,0.0,51.5,69.75,12.200000000000003,0.0,0.0,5,15.25,17.171428571428574
2020-05-25,347.01,28.91,29.69,6.25,18.05,0.0,0.0,57.5,74.5,12.6,0.0,0.0,5,9.0,17.271428571428572
2020-05-26,346.92,23.35,28.81,1.0,18.0,0.0,0.0,36.25,74.5,13.62857142857143,0.0,0.0,5,13.0,17.571428571428573
2020-05-27,346.78,22.2,27.27,8.0,16.3,0.0,0.0,28.5,81.5,14.835714285714289,0.0,0.0,5,5.0,18.014285714285716
2020-05-28,346.65,20.17,26.02,0.0,15.299999999999999,0.0,0.0,27.0,81.5,15.700000000000003,0.0,0.0,5,5.0,18.642857142857142
2020-05-29,346.48,17.75,24.38,0.0,16.2,0.0,0.0,21.5,81.5,16.550000000000004,0.0,0.0,5,5.0,19.300000000000004
2020-05-30,346.3,15.44,22.86,0.0,17.85,0.0,0.0,15.25,81.5,17.092857142857145,0.0,0.0,5,5.0,19.492857142857144
2020-05-31,346.12,14.51,21.51,0.0,18.5,0.0,0.0,15.25,81.25,17.171428571428574,0.0,0.0,5,5.0,19.371428571428574
2020-06-01,345.94,13.59,20.47,0.0,18.75,0.0,0.0,9.0,81.25,17.271428571428572,0.0,0.0,6,5.0,19.371428571428574
2020-06-02,345.8,15.6,19.81,5.0,20.1,0.0,0.0,13.0,86.25,17.571428571428573,0.0,0.0,6,0.0,19.514285714285712
2020-06-03,345.66,12.52,19.36,0.0,19.4,0.0,0.0,5.0,86.25,18.014285714285716,0.0,0.0,6,0.0,20.0
2020-06-04,345.45,11.74,19.24,0.0,19.7,0.0,0.0,5.0,86.0,18.642857142857142,0.0,0.0,6,4.75,20.192857142857147
2020-06-05,345.25,11.37,19.25,0.0,20.8,0.0,0.0,5.0,84.75,19.300000000000004,0.0,0.0,6,4.75,20.32857142857143
2020-06-06,345.03,9.64,19.25,0.0,19.2,0.0,0.0,5.0,84.75,19.492857142857144,0.0,0.0,6,4.75,20.400000000000002
2020-06-07,344.76,9.34,19.24,0.0,17.65,0.0,0.0,5.0,84.75,19.371428571428574,0.0,0.0,6,21.0,20.785714285714285
2020-06-08,344.48,8.59,19.23,0.0,18.75,0.0,0.0,5.0,84.75,19.371428571428574,0.0,0.0,6,23.0,21.171428571428574
2020-06-09,344.18,8.23,19.21,0.0,21.1,0.0,0.0,0.0,82.0,19.514285714285712,0.0,0.0,6,26.25,20.87857142857143
2020-06-10,343.87,8.1,19.18,0.0,22.8,0.0,0.0,0.0,81.0,20.0,0.0,0.0,6,26.25,20.185714285714287
2020-06-11,343.57,8.45,19.17,4.75,21.05,0.0,0.0,4.75,85.75,20.192857142857147,0.0,0.0,6,22.0,19.95
2020-06-12,343.27,8.07,19.15,0.0,21.75,0.0,0.0,4.75,83.25,20.32857142857143,0.0,0.0,6,24.75,19.75714285714286
2020-06-13,342.94,6.49,19.15,0.0,19.7,0.0,0.0,4.75,80.0,20.400000000000002,0.0,0.0,6,25.0,19.6
2020-06-14,342.58,8.65,19.14,16.25,20.35,0.0,0.0,21.0,96.25,20.785714285714285,0.0,0.0,6,8.75,19.292857142857144
2020-06-15,342.32,9.03,18.82,2.0,21.450000000000003,0.0,0.0,23.0,98.25,21.171428571428574,0.0,0.0,6,6.75,19.014285714285716
2020-06-16,342.01,7.88,18.58,3.25,19.05,0.0,0.0,26.25,98.0,20.87857142857143,0.0,0.0,6,3.5,19.25714285714286
2020-06-17,341.7,7.26,18.58,0.0,17.950000000000003,0.0,0.0,26.25,97.75,20.185714285714287,0.0,0.0,6,3.5,19.5
2020-06-18,341.35,5.85,18.54,0.5,19.4,0.0,0.0,22.0,76.0,19.95,0.0,0.0,6,10.5,19.25
2020-06-19,340.97,6.0,18.5,2.75,20.4,0.0,0.0,24.75,63.0,19.75714285714286,0.0,0.0,6,67.0,18.785714285714285
2020-06-20,340.61,5.85,18.62,0.25,18.6,0.0,0.0,25.0,61.75,19.6,0.0,0.0,6,69.5,19.042857142857144
2020-06-21,340.22,5.21,18.62,0.0,18.200000000000003,0.0,0.0,8.75,56.25,19.292857142857144,0.0,0.0,6,69.5,19.349999999999998
2020-06-22,339.81,5.13,18.64,0.0,19.5,0.0,0.0,6.75,50.0,19.014285714285716,0.0,0.0,6,69.75,19.27857142857143
2020-06-23,339.4,5.03,18.54,0.0,20.75,0.0,0.0,3.5,50.0,19.25714285714286,0.0,0.0,6,76.25,19.02857142857143
2020-06-24,338.98,4.89,18.53,0.0,19.65,0.0,0.0,3.5,43.75,19.5,0.0,0.0,6,120.75,19.307142857142857
2020-06-25,338.56,4.85,17.43,7.5,17.65,0.0,0.0,10.5,50.25,19.25,0.0,0.0,6,155.0,19.792857142857144
2020-06-26,338.52,26.65,16.65,59.25,17.15,0.0,0.0,67.0,101.5,18.785714285714285,0.0,0.0,6,95.75,20.45714285714286
2020-06-27,338.66,13.12,16.67,2.75,20.4,0.0,0.0,69.5,104.25,19.042857142857144,0.0,0.0,6,101.5,20.064285714285713
2020-06-28,338.48,9.52,16.61,0.0,20.35,0.0,0.0,69.5,104.25,19.349999999999998,0.0,0.0,6,104.5,19.83571428571429
2020-06-29,338.23,7.85,16.56,0.25,19.0,0.0,0.0,69.75,104.5,19.27857142857143,0.0,0.0,6,109.75,20.08571428571429
2020-06-30,337.96,8.93,16.52,6.5,19.0,0.0,0.0,76.25,111.0,19.02857142857143,0.0,0.0,6,136.25,20.592857142857145
2020-07-01,337.77,17.9,16.64,44.5,21.6,0.0,0.0,120.75,155.5,19.307142857142857,0.0,0.0,7,104.75,20.62857142857143
2020-07-02,338.63,55.93,16.67,41.75,21.049999999999997,0.0,0.0,155.0,192.25,19.792857142857144,0.0,0.0,7,63.25,20.864285714285717
2020-07-03,339.3,23.89,16.64,0.0,21.8,0.0,0.0,95.75,192.25,20.45714285714286,0.0,0.0,7,67.25,20.928571428571427
2020-07-04,339.43,18.17,16.52,8.5,17.65,0.0,0.0,101.5,200.75,20.064285714285713,0.0,0.0,7,104.25,21.50714285714286
2020-07-05,339.42,14.68,16.66,3.0,18.75,0.0,0.0,104.5,203.75,19.83571428571429,0.0,0.0,7,175.5,21.514285714285712
2020-07-06,339.32,12.44,16.72,5.5,20.75,0.0,0.0,109.75,209.25,20.08571428571429,0.0,0.0,7,176.0,21.099999999999998
2020-07-07,339.45,29.4,16.88,33.0,22.549999999999997,0.0,0.0,136.25,242.25,20.592857142857145,0.0,0.0,7,148.75,20.46428571428572
2020-07-08,339.95,35.37,16.84,13.0,21.85,0.0,0.0,104.75,255.25,20.62857142857143,0.0,0.0,7,137.75,19.964285714285715
2020-07-09,340.3,24.16,20.13,0.25,22.7,0.0,0.0,63.25,255.5,20.864285714285717,0.0,0.0,7,147.5,19.214285714285715
2020-07-10,340.3,24.16,22.14,4.0,22.25,0.0,0.0,67.25,259.5,20.928571428571427,0.0,0.0,7,143.5,18.72142857142857
2020-07-11,340.66,41.7,22.21,45.5,21.7,0.0,0.0,104.25,300.25,21.50714285714286,0.0,0.0,7,98.0,18.528571428571432
2020-07-12,341.58,74.37,22.29,74.25,18.8,0.0,0.0,175.5,374.5,21.514285714285712,0.0,0.0,7,25.0,19.042857142857144
2020-07-13,342.97,51.81,22.84,6.0,17.85,0.0,0.0,176.0,380.5,21.099999999999998,0.0,0.0,7,19.0,19.842857142857145
2020-07-14,343.47,38.05,24.42,5.75,18.1,0.0,0.0,148.75,370.0,20.46428571428572,0.0,0.0,7,39.75,20.342857142857145
2020-07-15,343.84,35.61,26.64,2.0,18.35,0.0,0.0,137.75,370.0,19.964285714285715,0.0,0.0,7,39.0,21.0
2020-07-16,343.94,27.47,27.47,10.0,17.45,0.0,0.0,147.5,376.75,19.214285714285715,0.0,0.0,7,29.0,21.907142857142862
2020-07-17,343.84,20.6,26.34,0.0,18.8,0.0,0.0,143.5,376.75,18.72142857142857,0.0,0.0,7,29.0,22.464285714285715
2020-07-18,343.68,17.47,23.57,0.0,20.35,0.0,0.0,98.0,376.25,18.528571428571432,0.0,0.0,7,30.0,22.700000000000006
2020-07-19,343.5,16.72,22.46,1.25,22.4,0.0,0.0,25.0,374.75,19.042857142857144,0.0,0.0,7,36.5,22.75
2020-07-20,343.31,14.35,23.32,0.0,23.450000000000003,0.0,0.0,19.0,374.5,19.842857142857145,0.0,0.0,7,94.75,22.564285714285713
2020-07-21,343.03,16.44,23.22,26.5,21.6,0.0,0.0,39.75,401.0,20.342857142857145,0.0,0.0,7,142.0,22.314285714285713
2020-07-22,343.0,21.13,23.24,1.25,22.95,0.0,0.0,39.0,402.25,21.0,0.0,0.0,7,140.75,21.985714285714288
2020-07-23,342.81,14.47,22.88,0.0,23.8,0.0,0.0,29.0,402.25,21.907142857142862,0.0,0.0,7,140.75,21.557142857142857
2020-07-24,342.54,12.18,22.0,0.0,22.7,0.0,0.0,29.0,402.25,22.464285714285715,0.0,0.0,7,141.25,21.371428571428574
2020-07-25,342.29,11.91,19.97,1.0,22.0,0.0,0.0,30.0,395.75,22.700000000000006,0.0,0.0,7,160.75,21.557142857142857
2020-07-26,342.04,10.92,19.93,7.75,22.75,0.0,0.0,36.5,344.25,22.75,0.0,0.0,7,153.0,21.642857142857142
2020-07-27,342.04,27.44,21.59,58.25,22.15,0.0,0.0,94.75,399.75,22.564285714285713,0.0,0.0,7,94.75,21.8
2020-07-28,342.95,84.79,23.48,73.75,19.85,0.0,0.0,142.0,473.5,22.314285714285713,0.0,0.0,7,21.0,22.6
2020-07-29,344.12,44.36,29.13,0.0,20.65,0.0,0.0,140.75,473.25,21.985714285714288,0.0,0.0,7,21.0,23.292857142857144
2020-07-30,344.2,25.87,30.29,0.0,20.8,0.0,0.0,140.75,466.75,21.557142857142857,0.0,0.0,7,21.0,23.978571428571428
2020-07-31,344.0,19.62,28.64,0.5,21.4,0.0,0.0,141.25,422.75,21.371428571428574,0.0,0.0,7,24.75,24.235714285714288
2020-08-01,343.72,16.52,26.57,20.5,23.299999999999997,0.0,0.0,160.75,401.5,21.557142857142857,0.0,0.0,8,30.0,23.921428571428574
2020-08-02,343.44,13.99,24.75,0.0,23.35,0.0,0.0,153.0,401.5,21.642857142857142,0.0,0.0,8,110.25,23.72142857142857
2020-08-03,343.14,12.6,23.33,0.0,23.25,0.0,0.0,94.75,393.0,21.8,0.0,0.0,8,111.5,24.22142857142857
2020-08-04,342.82,11.13,22.71,0.0,25.45,0.0,0.0,21.0,390.0,22.6,0.0,0.0,8,111.5,24.500000000000004
2020-08-05,342.47,10.16,22.78,0.0,25.5,0.0,0.0,21.0,384.5,23.292857142857144,0.0,0.0,8,122.5,24.571428571428573
2020-08-06,342.1,9.24,22.8,0.0,25.6,0.0,0.0,21.0,351.5,23.978571428571428,0.0,0.0,8,123.0,24.55
2020-08-07,341.7,8.69,22.78,4.25,23.2,0.0,0.0,24.75,342.75,24.235714285714288,0.0,0.0,8,130.5,24.621428571428574
2020-08-08,341.29,9.98,22.69,25.75,21.1,0.0,0.0,30.0,368.25,23.921428571428574,0.0,0.0,8,104.75,25.278571428571432
2020-08-09,342.03,77.56,22.83,80.25,21.95,0.0,0.0,110.25,444.5,23.72142857142857,0.0,0.0,8,24.5,25.857142857142858
2020-08-10,342.96,35.58,22.92,1.25,26.75,0.0,0.0,111.5,400.25,24.22142857142857,0.0,0.0,8,44.5,25.357142857142858
2020-08-11,343.05,21.18,24.72,0.0,27.4,0.0,0.0,111.5,326.0,24.500000000000004,0.0,0.0,8,44.5,24.907142857142862
2020-08-12,342.83,23.71,27.57,11.0,26.0,0.0,0.0,122.5,331.0,24.571428571428573,0.0,0.0,8,33.5,24.750000000000004
2020-08-13,342.93,28.34,27.64,0.5,25.45,0.0,0.0,123.0,325.75,24.55,0.0,0.0,8,33.0,24.735714285714288
2020-08-14,342.76,19.78,27.49,11.75,23.7,0.0,0.0,130.5,335.5,24.621428571428574,0.0,0.0,8,21.25,24.95714285714286
2020-08-15,342.5,15.91,27.48,0.0,25.7,0.0,0.0,104.75,325.5,25.278571428571432,0.0,0.0,8,22.0,24.75714285714286
2020-08-16,342.12,13.15,27.42,0.0,26.0,0.0,0.0,24.5,325.5,25.857142857142858,0.0,0.0,8,22.0,24.557142857142857
2020-08-17,341.81,26.21,27.93,21.25,23.25,0.0,0.0,44.5,346.75,25.357142857142858,0.0,0.0,8,0.75,24.821428571428573
2020-08-18,341.8,21.85,28.38,0.0,24.25,0.0,0.0,44.5,345.5,24.907142857142862,0.0,0.0,8,0.75,24.849999999999998
2020-08-19,341.5,15.64,28.35,0.0,24.9,0.0,0.0,33.5,345.5,24.750000000000004,0.0,0.0,8,0.75,24.914285714285718
2020-08-20,341.08,12.98,28.28,0.0,25.35,0.0,0.0,33.0,319.0,24.735714285714288,0.0,0.0,8,0.75,24.99285714285714
2020-08-21,340.61,11.79,28.25,0.0,25.25,0.0,0.0,21.25,317.75,24.95714285714286,0.0,0.0,8,0.75,25.37857142857143
2020-08-22,340.1,10.88,28.21,0.75,24.3,0.0,0.0,22.0,318.5,24.75714285714286,0.0,0.0,8,1.25,25.85714285714286
2020-08-23,339.56,9.35,28.13,0.0,24.6,0.0,0.0,22.0,318.5,24.557142857142857,0.0,0.0,8,61.0,25.742857142857144
2020-08-24,338.98,8.91,28.08,0.0,25.1,0.0,0.0,0.75,317.5,24.821428571428573,0.0,0.0,8,89.5,24.978571428571428
2020-08-25,338.36,7.41,28.03,0.0,24.450000000000003,0.0,0.0,0.75,309.75,24.849999999999998,0.0,0.0,8,90.0,24.607142857142858
2020-08-26,337.71,6.86,27.98,0.0,25.35,0.0,0.0,0.75,251.5,24.914285714285718,0.0,0.0,8,90.0,24.464285714285715
2020-08-27,337.03,6.4,27.89,0.0,25.9,0.0,0.0,0.75,177.75,24.99285714285714,0.0,0.0,8,90.0,24.592857142857145
2020-08-28,336.34,6.08,25.51,0.0,27.95,0.0,0.0,0.75,177.75,25.37857142857143,0.0,0.0,8,91.5,24.357142857142858
2020-08-29,335.81,6.13,20.63,1.25,27.65,0.0,0.0,1.25,179.0,25.85714285714286,0.0,0.0,8,92.75,23.928571428571434
2020-08-30,335.33,7.53,20.52,59.75,23.8,0.0,0.0,61.0,238.25,25.742857142857144,0.0,0.0,8,33.0,23.935714285714287
2020-08-31,334.98,9.76,20.47,28.5,19.75,0.0,0.0,89.5,246.25,24.978571428571428,0.0,0.0,8,4.5,24.907142857142855
2020-09-01,334.58,10.64,20.41,0.5,21.85,0.0,0.0,90.0,246.75,24.607142857142858,0.0,0.0,9,4.0,25.678571428571427
2020-09-02,334.35,12.38,20.37,0.0,24.35,0.0,0.0,90.0,246.75,24.464285714285715,0.0,0.0,9,4.0,25.935714285714283
2020-09-03,334.04,11.54,19.15,0.0,26.8,0.0,0.0,90.0,246.75,24.592857142857145,0.0,0.0,9,11.75,25.414285714285715
2020-09-04,333.8,10.54,18.36,1.5,26.299999999999997,0.0,0.0,91.5,248.25,24.357142857142858,0.0,0.0,9,12.5,25.064285714285713
2020-09-05,333.5,9.3,18.28,2.5,24.65,0.0,0.0,92.75,250.75,23.928571428571434,0.0,0.0,9,10.75,24.50714285714286
2020-09-06,333.17,8.38,18.19,0.0,23.85,0.0,0.0,33.0,246.5,23.935714285714287,0.0,0.0,9,39.75,23.964285714285715
2020-09-07,332.88,8.02,13.98,0.0,26.549999999999997,0.0,0.0,4.5,220.75,24.907142857142855,0.0,0.0,9,77.0,22.714285714285715
2020-09-08,332.72,7.21,11.47,0.0,27.25,0.0,0.0,4.0,140.5,25.678571428571427,0.0,0.0,9,90.5,21.642857142857142
2020-09-09,332.55,6.05,11.45,0.0,26.15,0.0,0.0,4.0,139.25,25.935714285714283,0.0,0.0,9,90.5,20.835714285714285
2020-09-10,332.37,6.65,11.19,7.75,23.15,0.0,0.0,11.75,147.0,25.414285714285715,0.0,0.0,9,82.75,20.671428571428574
2020-09-11,332.31,7.8,7.52,2.25,23.85,0.0,0.0,12.5,138.25,25.064285714285713,0.0,0.0,9,84.5,20.228571428571428
2020-09-12,332.33,7.76,5.77,0.75,20.75,0.0,0.0,10.75,138.5,24.50714285714286,0.0,0.0,9,86.25,20.107142857142858
2020-09-13,332.44,14.77,9.94,29.0,20.05,0.0,0.0,39.75,155.75,23.964285714285715,0.0,0.0,9,57.75,19.892857142857142
2020-09-14,333.11,45.31,16.93,37.25,17.799999999999997,0.0,0.0,77.0,193.0,22.714285714285715,0.0,0.0,9,20.5,19.82857142857143
2020-09-15,333.84,31.25,17.06,13.5,19.75,0.0,0.0,90.5,206.5,21.642857142857142,0.0,0.0,9,7.0,19.428571428571427
2020-09-16,334.09,19.14,17.09,0.0,20.5,0.0,0.0,90.5,185.25,20.835714285714285,0.0,0.0,9,7.0,19.157142857142855
2020-09-17,334.06,14.17,17.09,0.0,22.0,0.0,0.0,82.75,185.25,20.671428571428574,0.0,0.0,9,7.0,18.571428571428573
2020-09-18,333.92,13.31,17.08,4.0,20.75,0.0,0.0,84.5,189.25,20.228571428571428,0.0,0.0,9,28.25,17.914285714285715
2020-09-19,333.82,13.88,17.07,2.5,19.9,0.0,0.0,86.25,191.75,20.107142857142858,0.0,0.0,9,25.75,17.492857142857144
2020-09-20,333.66,11.03,17.11,0.5,18.549999999999997,0.0,0.0,57.75,192.25,19.892857142857142,0.0,0.0,9,26.75,17.05
2020-09-21,333.41,9.01,17.12,0.0,17.35,0.0,0.0,20.5,191.5,19.82857142857143,0.0,0.0,9,27.0,16.871428571428574
2020-09-22,333.11,8.19,17.11,0.0,16.95,0.0,0.0,7.0,191.5,19.428571428571427,0.0,0.0,9,27.0,16.52857142857143
2020-09-23,332.78,7.74,17.11,0.0,18.6,0.0,0.0,7.0,191.5,19.157142857142855,0.0,0.0,9,27.0,16.1
2020-09-24,332.45,7.16,17.1,0.0,17.9,0.0,0.0,7.0,191.5,18.571428571428573,0.0,0.0,9,27.0,15.542857142857144
2020-09-25,332.17,20.5,17.09,25.25,16.15,0.0,0.0,28.25,216.75,17.914285714285715,0.0,0.0,9,1.75,15.600000000000003
2020-09-26,332.56,21.98,17.15,0.0,16.950000000000003,0.0,0.0,25.75,216.75,17.492857142857144,0.0,0.0,9,1.75,15.557142857142859
2020-09-27,332.51,13.43,17.12,1.5,15.45,0.0,0.0,26.75,218.25,17.05,0.0,0.0,9,0.25,15.857142857142858
2020-09-28,332.36,12.05,16.88,0.25,16.1,0.0,0.0,27.0,217.25,16.871428571428574,0.0,0.0,9,7.75,15.757142857142858
2020-09-29,332.23,10.12,9.84,0.0,14.55,0.0,0.0,27.0,157.5,16.52857142857143,0.0,0.0,9,11.0,15.585714285714285
2020-09-30,332.34,8.8,5.68,0.0,15.6,0.0,0.0,27.0,129.0,16.1,0.0,0.0,9,11.0,15.121428571428572
2020-10-01,332.42,7.38,5.68,0.0,14.0,0.0,0.0,27.0,128.5,15.542857142857144,0.0,0.0,10,12.0,14.764285714285716
2020-10-02,332.46,6.25,5.68,0.0,16.549999999999997,0.0,0.0,1.75,128.5,15.600000000000003,0.0,0.0,10,12.0,14.200000000000001
2020-10-03,332.41,6.5,10.19,0.0,16.65,0.0,0.0,1.75,128.5,15.557142857142859,0.0,0.0,10,12.25,13.942857142857141
2020-10-04,332.26,5.9,10.16,0.0,17.55,0.0,0.0,0.25,127.0,15.857142857142858,0.0,0.0,10,12.25,14.014285714285714
2020-10-05,332.22,7.15,5.16,7.75,15.399999999999999,0.0,0.0,7.75,132.25,15.757142857142858,0.0,0.0,10,34.5,14.342857142857143
2020-10-06,332.35,7.82,3.56,3.25,13.350000000000001,0.0,0.0,11.0,135.5,15.585714285714285,0.0,0.0,10,31.75,14.75
2020-10-07,332.44,5.76,4.06,0.0,12.35,0.0,0.0,11.0,135.5,15.121428571428572,0.0,0.0,10,32.75,14.850000000000003
2020-10-08,332.5,5.5,4.08,1.0,11.5,0.0,0.0,12.0,136.5,14.764285714285716,0.0,0.0,10,31.75,14.821428571428573
2020-10-09,332.54,4.92,4.07,0.0,12.6,0.0,0.0,12.0,136.5,14.200000000000001,0.0,0.0,10,31.75,14.428571428571429
2020-10-10,332.5,5.86,8.7,0.25,14.85,0.0,0.0,12.25,129.0,13.942857142857141,0.0,0.0,10,31.5,13.742857142857146
2020-10-11,332.39,7.45,10.01,0.0,18.05,0.0,0.0,12.25,126.75,14.014285714285714,0.0,0.0,10,31.5,12.792857142857144
2020-10-12,332.48,14.68,4.17,30.0,17.7,0.0,0.0,34.5,156.0,14.342857142857143,0.0,0.0,10,1.5,11.97857142857143
2020-10-13,332.92,13.26,4.17,0.5,16.200000000000003,0.0,0.0,31.75,127.5,14.75,0.0,0.0,10,1.0,11.178571428571429
2020-10-14,333.15,9.94,4.16,1.0,13.05,0.0,0.0,32.75,91.25,14.850000000000003,0.0,0.0,10,0.0,10.842857142857143
2020-10-15,333.33,8.5,4.15,0.0,11.3,0.0,0.0,31.75,77.75,14.821428571428573,0.0,0.0,10,0.5,11.171428571428574
2020-10-16,333.47,7.63,4.15,0.0,9.850000000000001,0.0,0.0,31.75,77.75,14.428571428571429,0.0,0.0,10,18.0,11.8
2020-10-17,333.57,7.04,4.14,0.0,10.05,0.0,0.0,31.5,77.75,13.742857142857146,0.0,0.0,10,31.75,11.792857142857144
2020-10-18,333.65,5.88,4.14,0.0,11.4,0.0,0.0,31.5,73.75,12.792857142857144,0.0,0.0,10,47.5,11.65
2020-10-19,333.68,5.2,5.2,0.0,12.0,0.0,0.0,1.5,71.25,11.97857142857143,0.0,0.0,10,50.25,11.407142857142857
2020-10-20,333.67,4.98,5.85,0.0,10.6,0.0,0.0,1.0,70.75,11.178571428571429,0.0,0.0,10,50.25,11.271428571428572
2020-10-21,333.62,4.89,7.21,0.0,10.7,0.0,0.0,0.0,70.75,10.842857142857143,0.0,0.0,10,50.25,10.914285714285715
2020-10-22,333.42,4.76,12.87,0.5,13.6,0.0,0.0,0.5,71.25,11.171428571428574,0.0,0.0,10,56.5,10.328571428571431
2020-10-23,333.18,6.76,12.55,17.5,14.25,0.0,0.0,18.0,88.75,11.8,0.0,0.0,10,46.0,9.257142857142858
2020-10-24,333.0,8.89,12.59,13.75,10.0,0.0,0.0,31.75,102.5,11.792857142857144,0.0,0.0,10,32.25,8.907142857142858
2020-10-25,332.94,11.78,12.06,15.75,10.399999999999999,0.0,0.0,47.5,93.0,11.65,0.0,0.0,10,16.5,8.621428571428572
2020-10-26,333.15,14.71,4.64,2.75,10.3,0.0,0.0,50.25,95.75,11.407142857142857,0.0,0.0,10,24.0,8.685714285714287
2020-10-27,333.4,9.46,3.96,0.0,9.649999999999999,0.0,0.0,50.25,94.25,11.271428571428572,0.0,0.0,10,33.0,8.700000000000001
2020-10-28,333.56,7.72,3.95,0.0,8.2,0.0,0.0,50.25,94.0,10.914285714285715,0.0,0.0,10,46.25,8.200000000000001
2020-10-29,333.7,8.29,3.94,6.75,9.5,0.0,0.0,56.5,100.75,10.328571428571431,0.0,0.0,10,44.5,8.057142857142859
2020-10-30,333.88,10.31,3.94,7.0,6.75,0.0,0.0,46.0,107.75,9.257142857142858,0.0,0.0,10,40.5,8.514285714285716
2020-10-31,334.09,9.51,3.94,0.0,7.550000000000001,0.0,0.0,32.25,107.75,8.907142857142858,0.0,0.0,10,41.75,8.607142857142858
2020-11-01,334.26,8.38,3.94,0.0,8.4,0.0,0.0,16.5,107.75,8.621428571428572,0.0,0.0,11,51.0,8.914285714285715
2020-11-02,334.4,8.67,3.93,10.25,10.75,0.0,0.0,24.0,118.0,8.685714285714287,0.0,0.0,11,53.0,7.864285714285715
2020-11-03,334.58,9.85,3.93,9.0,9.75,0.0,0.0,33.0,127.0,8.700000000000001,0.0,0.0,11,59.75,6.750000000000001
2020-11-04,334.9,15.18,3.93,13.25,4.7,1.0,1.0,46.25,132.5,8.200000000000001,0.03333333333333333,1.0,11,49.75,6.428571428571429
2020-11-05,335.3,17.83,3.93,5.0,8.5,0.0,0.0,44.5,134.25,8.057142857142859,0.03333333333333333,1.0,11,44.75,5.542857142857144
2020-11-06,335.77,17.83,3.93,3.0,9.95,0.0,0.0,40.5,137.25,8.514285714285716,0.03333333333333333,1.0,11,44.25,4.885714285714287
2020-11-07,336.19,15.9,3.92,1.25,8.2,0.0,0.0,41.75,137.5,8.607142857142858,0.03333333333333333,1.0,11,43.0,4.807142857142858
2020-11-08,336.59,16.27,3.93,9.25,10.55,0.0,0.0,51.0,146.75,8.914285714285715,0.03333333333333333,1.0,11,33.75,4.028571428571429
2020-11-09,336.97,15.07,3.92,12.25,3.4000000000000004,0.0,0.0,53.0,158.75,7.864285714285715,0.03333333333333333,1.0,11,25.75,4.864285714285715
2020-11-10,337.32,14.63,3.91,15.75,1.95,3.0,4.0,59.75,174.5,6.750000000000001,0.13333333333333333,5.0,11,10.0,5.442857142857144
2020-11-11,337.62,12.42,3.91,3.25,2.45,3.5,2.0,49.75,147.75,6.428571428571429,0.25,6.0,11,6.75,5.835714285714287
2020-11-12,337.86,10.83,3.89,0.0,2.3,1.5,0.5,44.75,147.25,5.542857142857144,0.3,6.5,11,6.75,7.2285714285714295
2020-11-13,338.09,12.51,3.88,2.5,5.35,0.0,0.0,44.25,148.75,4.885714285714287,0.3,6.5,11,32.75,8.357142857142858
2020-11-14,338.47,18.39,3.88,0.0,7.65,0.0,0.0,43.0,148.75,4.807142857142858,0.3,6.5,11,34.5,8.464285714285715
2020-11-15,338.89,15.83,3.9,0.0,5.1,0.0,0.0,33.75,148.75,4.028571428571429,0.3,6.5,11,41.5,8.87857142857143
2020-11-16,339.28,19.03,3.88,4.25,9.25,0.0,0.0,25.75,153.0,4.864285714285715,0.3,6.5,11,44.25,8.357142857142858
2020-11-17,339.73,16.08,3.89,0.0,6.0,0.0,0.0,10.0,153.0,5.442857142857144,0.3,2.5,11,46.75,8.107142857142858
2020-11-18,340.04,13.18,3.89,0.0,5.199999999999999,0.0,0.0,6.75,153.0,5.835714285714287,0.3,0.5,11,46.75,7.892857142857145
2020-11-19,340.32,12.96,3.89,0.0,12.05,0.0,0.0,6.75,153.0,7.2285714285714295,0.3,0.0,11,47.25,7.042857142857144
2020-11-20,340.68,23.38,3.89,28.5,13.25,0.0,0.0,32.75,181.5,8.357142857142858,0.3,0.0,11,18.75,5.692857142857144
2020-11-21,341.27,20.69,3.89,1.75,8.4,0.0,0.0,34.5,182.75,8.464285714285715,0.3,0.0,11,24.5,4.835714285714287
2020-11-22,341.71,16.96,3.9,7.0,8.0,0.0,0.0,41.5,172.25,8.87857142857143,0.3,0.0,11,18.0,4.17857142857143
2020-11-23,342.23,24.8,3.89,7.0,5.6,0.0,0.0,44.25,165.5,8.357142857142858,0.3,0.0,11,13.25,3.8928571428571437
2020-11-24,342.7,17.89,3.87,2.5,4.25,0.0,0.0,46.75,152.25,8.107142857142858,0.3,0.0,11,11.5,3.6500000000000012
2020-11-25,343.05,14.84,3.83,0.0,3.7,0.0,0.0,46.75,149.5,7.892857142857145,0.3,0.0,11,11.5,3.5142857142857156
2020-11-26,343.28,13.22,9.99,0.5,6.1,0.0,0.0,47.25,150.0,7.042857142857144,0.3,0.0,11,12.75,2.8214285714285725
2020-11-27,343.26,11.66,13.1,0.0,3.8,0.0,0.0,18.75,150.0,5.692857142857144,0.3,0.0,11,12.75,2.5142857142857156
2020-11-28,343.28,11.04,9.25,7.5,2.4,0.0,0.0,24.5,150.75,4.835714285714287,0.3,0.0,11,5.25,2.421428571428572
2020-11-29,343.31,9.96,9.24,0.5,3.4,0.0,0.0,18.0,144.25,4.17857142857143,0.3,0.0,11,5.25,2.4285714285714297
2020-11-30,343.36,8.84,5.61,2.25,3.6,0.0,0.0,13.25,146.5,3.8928571428571437,0.3,0.0,11,11.75,2.6571428571428584
2020-12-01,343.44,8.69,8.33,0.75,2.55,0.0,0.0,11.5,147.25,3.6500000000000012,0.3,0.0,12,13.75,2.6857142857142864
2020-12-02,343.4,8.5,10.29,0.0,2.75,0.0,0.0,11.5,137.0,3.5142857142857156,0.3,0.0,12,13.75,2.600000000000001
2020-12-03,343.34,8.15,10.3,1.75,1.25,2.0,2.0,12.75,129.75,2.8214285714285725,0.36666666666666664,2.0,12,13.25,2.5642857142857154
2020-12-04,343.29,7.33,7.69,0.0,1.6500000000000001,2.0,3.0,12.75,116.5,2.5142857142857156,0.4,5.0,12,14.0,2.7785714285714294
2020-12-05,343.32,7.2,6.12,0.0,1.75,0.0,0.0,5.25,111.5,2.421428571428572,0.4,5.0,12,16.5,3.0857142857142867
2020-12-06,343.35,7.2,6.12,0.5,3.45,0.0,0.0,5.25,109.0,2.4285714285714297,0.4,5.0,12,16.25,2.5714285714285725
2020-12-07,343.41,9.72,6.13,8.75,5.2,0.0,0.0,11.75,116.5,2.6571428571428584,0.4,5.0,12,23.75,1.4357142857142868
2020-12-08,343.5,8.63,6.12,2.75,2.75,0.0,0.0,13.75,110.0,2.6857142857142864,0.4,5.0,12,51.75,0.35000000000000114
2020-12-09,343.56,7.91,6.12,0.0,2.15,0.0,0.0,13.75,97.75,2.600000000000001,0.4,5.0,12,79.5,-0.6285714285714273
2020-12-10,343.6,7.2,6.12,1.25,1.0,0.0,0.0,13.25,83.25,2.5642857142857154,0.3,3.0,12,90.5,-1.392857142857142
2020-12-11,343.63,7.91,6.12,0.75,3.1500000000000004,0.0,0.0,14.0,80.75,2.7785714285714294,0.18333333333333332,0.0,12,98.25,-1.9857142857142844
2020-12-12,343.68,7.9,6.11,2.5,3.9,0.0,0.0,16.5,83.25,3.0857142857142867,0.13333333333333333,0.0,12,107.0,-3.1285714285714272
2020-12-13,343.73,7.18,6.1,0.25,-0.15000000000000002,0.0,0.0,16.25,81.0,2.5714285714285725,0.13333333333333333,0.0,12,109.25,-3.8428571428571416
2020-12-14,343.77,8.25,6.1,16.25,-2.75,32.0,34.0,23.75,97.25,1.4357142857142868,1.2,34.0,12,104.0,-3.7357142857142844
2020-12-15,343.83,7.71,5.92,30.75,-4.85,71.0,42.5,51.75,128.0,0.35000000000000114,3.566666666666667,76.5,12,76.0,-2.97142857142857
2020-12-16,343.88,8.72,7.28,27.75,-4.7,89.0,20.0,79.5,151.5,-0.6285714285714273,6.533333333333333,96.5,12,50.75,-2.1571428571428557
2020-12-17,343.9,7.59,6.87,12.25,-4.35,84.5,13.5,90.5,163.75,-1.392857142857142,9.35,110.0,12,52.0,-1.142857142857142
2020-12-18,343.92,7.26,6.9,8.5,-1.0,85.5,7.5,98.25,172.25,-1.9857142857142844,12.2,117.5,12,51.75,-1.007142857142856
2020-12-19,343.9,7.12,8.56,11.25,-4.1,100.0,25.0,107.0,183.5,-3.1285714285714272,15.533333333333333,142.5,12,47.5,-0.6714285714285705
2020-12-20,343.86,6.77,8.56,2.5,-5.15,100.5,5.5,109.25,157.5,-3.8428571428571416,18.883333333333333,148.0,12,45.0,-0.34285714285714175
2020-12-21,343.79,6.07,8.58,11.0,-2.0,96.5,13.0,104.0,166.75,-3.7357142857142844,22.1,127.0,12,35.75,-0.12857142857142748
2020-12-22,343.72,5.71,8.58,2.75,0.5,95.0,2.0,76.0,162.5,-2.97142857142857,25.266666666666666,86.5,12,33.0,-0.05714285714285605
2020-12-23,343.64,5.71,8.58,2.5,1.0,77.0,0.5,50.75,158.0,-2.1571428571428557,27.833333333333332,67.0,12,46.25,-0.4357142857142846
2020-12-24,343.57,6.12,6.48,13.5,2.75,64.0,2.0,52.0,169.0,-1.142857142857142,29.966666666666665,55.5,12,40.25,-1.7999999999999987
2020-12-25,343.63,8.39,6.95,8.25,-0.04999999999999993,59.5,16.5,51.75,177.25,-1.007142857142856,31.95,64.5,12,47.0,-2.707142857142856
2020-12-26,343.62,7.5,8.58,7.0,-1.75,69.5,14.5,47.5,183.75,-0.6714285714285705,34.266666666666666,54.0,12,44.5,-3.3499999999999988
2020-12-27,343.58,6.09,7.53,0.0,-2.8499999999999996,66.0,0.5,45.0,183.75,-0.34285714285714175,36.46666666666667,49.0,12,48.25,-4.0214285714285705
2020-12-28,343.55,6.19,6.91,1.75,-0.5,59.0,1.5,35.75,178.0,-0.12857142857142748,38.43333333333333,37.5,12,56.0,-4.47142857142857
2020-12-29,343.52,5.83,6.91,0.0,1.0,53.0,0.0,33.0,177.5,-0.05714285714285605,40.2,35.5,12,58.25,-5.135714285714284
2020-12-30,343.5,6.55,6.91,15.75,-1.65,69.0,20.0,46.25,191.0,-0.4357142857142846,42.5,55.0,12,42.5,-5.799999999999999
2020-12-31,343.48,5.82,6.9,7.5,-6.8,82.5,16.0,40.25,197.75,-1.7999999999999987,45.25,69.0,12,44.25,-5.221428571428571
2021-01-01,343.46,6.18,6.9,15.0,-6.4,106.0,26.0,47.0,212.75,-2.707142857142856,48.78333333333333,78.5,1,35.25,-5.278571428571428
2021-01-02,343.43,5.81,6.89,4.5,-6.25,106.5,4.0,44.5,215.5,-3.3499999999999988,52.266666666666666,68.0,1,33.0,-5.485714285714285
2021-01-03,343.39,5.45,6.89,3.75,-7.55,98.0,7.5,48.25,219.25,-4.0214285714285705,55.46666666666667,75.0,1,36.75,-5.128571428571427
2021-01-04,343.36,5.45,6.89,9.5,-3.6500000000000004,107.5,11.5,56.0,228.75,-4.47142857142857,59.05,85.0,1,28.25,-5.1428571428571415
2021-01-05,343.31,5.1,6.89,2.25,-3.65,105.5,5.0,58.25,230.5,-5.135714285714284,62.56666666666667,90.0,1,28.0,-5.078571428571428
2021-01-06,343.26,4.73,6.88,0.0,-6.3,97.5,2.5,42.5,221.75,-5.799999999999999,65.81666666666666,72.5,1,37.5,-4.192857142857141
2021-01-07,343.2,5.44,6.88,9.25,-2.75,99.5,15.5,44.25,228.25,-5.221428571428571,69.13333333333334,72.0,1,44.0,-3.778571428571428
2021-01-08,343.18,4.87,5.23,6.0,-6.8,107.5,11.5,35.25,234.25,-5.278571428571428,72.71666666666667,57.5,1,38.0,-3.0642857142857136
2021-01-09,343.18,4.6,4.24,2.25,-7.7,105.0,8.0,33.0,235.25,-5.485714285714285,76.21666666666667,61.5,1,44.5,-1.849999999999999
2021-01-10,343.2,4.96,4.24,7.5,-5.05,116.5,14.5,36.75,242.0,-5.128571428571427,80.1,68.5,1,42.5,-1.4214285714285704
2021-01-11,343.22,4.26,3.9,1.0,-3.75,115.5,4.5,28.25,240.5,-5.1428571428571415,83.95,61.5,1,50.0,-1.3285714285714276
2021-01-12,343.23,4.4,3.68,2.0,-3.2,105.5,4.5,28.0,242.25,-5.078571428571428,87.46666666666667,61.0,1,57.0,-1.5571428571428558
2021-01-13,343.26,4.76,3.68,9.5,-0.1,108.5,10.0,37.5,235.5,-4.192857142857141,90.01666666666667,68.5,1,48.5,-2.0071428571428562
2021-01-14,343.29,4.75,3.67,15.75,0.15000000000000002,101.5,3.0,44.0,220.5,-3.778571428571428,91.03333333333333,56.0,1,32.75,-2.1142857142857134
2021-01-15,343.31,4.38,3.66,0.0,-1.8,94.0,2.5,38.0,192.75,-3.0642857142857136,91.2,47.0,1,34.0,-1.642857142857142
2021-01-16,343.34,5.45,3.66,8.75,0.8,90.0,1.5,44.5,189.25,-1.849999999999999,91.38333333333334,40.5,1,25.25,-1.849999999999999
2021-01-17,343.38,4.38,3.66,5.5,-2.05,96.5,15.0,42.5,186.25,-1.4214285714285704,91.75,41.0,1,19.75,-1.5928571428571416
2021-01-18,343.4,4.74,3.66,8.5,-3.1,104.0,15.5,50.0,183.5,-1.3285714285714276,91.88333333333334,52.0,1,11.25,-1.3071428571428563
2021-01-19,343.45,4.74,3.66,9.0,-4.8,118.0,17.0,57.0,190.0,-1.5571428571428558,92.46666666666667,64.5,1,2.25,-0.7928571428571417
2021-01-20,343.46,4.38,3.66,1.0,-3.25,115.5,2.5,48.5,180.0,-2.0071428571428562,93.1,57.0,1,4.75,-0.035714285714284574
2021-01-21,343.48,4.38,3.66,0.0,-0.6,109.5,0.0,32.75,177.25,-2.1142857142857134,93.58333333333333,54.0,1,6.25,-0.04999999999999887
2021-01-22,343.5,4.38,3.66,1.25,1.5,101.5,0.0,34.0,176.0,-1.642857142857142,94.4,51.5,1,13.0,-0.4142857142857132
2021-01-23,343.53,4.75,3.67,0.0,-0.6499999999999999,95.0,0.5,25.25,162.5,-1.849999999999999,95.43333333333334,50.5,1,25.0,-0.8857142857142846
2021-01-24,343.55,4.39,3.67,0.0,-0.25,92.5,1.0,19.75,154.25,-1.5928571428571416,96.53333333333333,36.5,1,27.0,-1.299999999999999
2021-01-25,343.57,4.03,3.67,0.0,-1.1,90.5,1.5,11.25,147.25,-1.3071428571428563,97.23333333333333,22.5,1,27.0,-1.5928571428571419
2021-01-26,343.58,4.39,3.67,0.0,-1.2,89.0,0.5,2.25,147.25,-0.7928571428571417,98.0,6.0,1,39.0,-1.507142857142856
2021-01-27,343.6,5.11,3.67,3.5,2.05,88.0,1.0,4.75,149.0,-0.035714285714284574,98.96666666666667,4.5,1,43.5,-2.6714285714285704
2021-01-28,343.66,5.82,3.67,1.5,-0.7000000000000001,85.0,2.5,6.25,150.5,-0.04999999999999887,100.03333333333333,7.0,1,58.25,-3.4857142857142844
2021-01-29,343.72,5.82,3.67,8.0,-1.05,94.0,15.5,13.0,142.75,-0.4142857142857132,100.86666666666666,22.5,1,55.75,-3.5928571428571416
2021-01-30,343.79,5.82,3.67,12.0,-3.95,123.0,32.5,25.0,147.25,-0.8857142857142846,102.21666666666667,54.5,1,47.5,-2.542857142857142
2021-01-31,343.83,4.75,3.67,2.0,-3.15,121.5,6.0,27.0,134.25,-1.299999999999999,102.73333333333333,59.5,1,51.75,-2.042857142857142
2021-02-01,343.83,4.81,6.6,0.0,-3.1500000000000004,115.0,1.0,27.0,129.75,-1.5928571428571419,103.01666666666667,59.0,2,59.5,-2.3214285714285703
2021-02-02,343.76,6.7,8.49,12.0,-0.6000000000000001,108.5,8.0,39.0,138.0,-1.507142857142856,103.36666666666666,66.5,2,52.75,-2.8428571428571416
2021-02-03,343.71,5.98,8.49,8.0,-6.1,123.5,18.0,43.5,136.5,-2.6714285714285704,103.9,83.5,2,47.25,-1.9642857142857133
2021-02-04,343.63,6.36,9.23,16.25,-6.4,145.0,29.0,58.25,150.5,-3.4857142857142844,105.21666666666667,110.0,2,31.25,-0.9428571428571416
2021-02-05,343.55,5.15,7.3,5.5,-1.8,151.0,10.5,55.75,156.0,-3.5928571428571416,107.0,105.0,2,25.75,-0.7642857142857131
2021-02-06,343.53,5.13,5.49,3.75,3.4000000000000004,136.5,1.5,47.5,150.5,-2.542857142857142,108.23333333333333,74.0,2,22.0,-1.3357142857142847
2021-02-07,343.53,5.85,5.49,6.25,0.35,117.5,7.5,51.75,150.75,-2.042857142857142,108.56666666666666,75.5,2,15.75,-1.0428571428571418
2021-02-08,343.54,5.84,5.48,7.75,-5.1,132.5,20.5,59.5,156.25,-2.3214285714285703,109.48333333333333,95.0,2,42.75,0.142857142857144
2021-02-09,343.54,5.47,5.47,5.25,-4.25,137.0,9.5,52.75,154.0,-2.8428571428571416,110.16666666666667,96.5,2,49.75,0.7500000000000011
2021-02-10,343.53,4.75,5.47,2.5,0.04999999999999999,135.5,3.5,47.25,155.5,-1.9642857142857133,110.83333333333333,82.0,2,58.0,0.2571428571428583
2021-02-11,343.51,4.39,5.47,0.25,0.75,125.5,3.0,31.25,153.75,-0.9428571428571416,111.5,56.0,2,61.25,-0.20714285714285605
2021-02-12,343.48,4.39,5.47,0.0,-0.55,120.5,0.0,25.75,144.25,-0.7642857142857131,111.9,45.5,2,62.75,0.021428571428572525
2021-02-13,343.44,4.39,5.47,0.0,-0.6,116.5,0.5,22.0,128.5,-1.3357142857142847,112.4,44.5,2,74.75,0.6357142857142869
2021-02-14,343.42,5.17,5.53,0.0,2.4,114.0,1.5,15.75,128.5,-1.0428571428571418,113.06666666666666,38.5,2,74.75,0.7785714285714297
2021-02-15,343.48,20.4,9.64,34.75,3.2,108.5,0.5,42.75,154.5,0.142857142857144,113.68333333333334,18.5,2,42.25,0.9214285714285725
2021-02-16,344.44,57.2,17.75,12.25,0.0,124.0,24.0,49.75,161.25,0.7500000000000011,114.6,33.0,2,40.0,0.7857142857142867
2021-02-17,344.88,21.35,17.67,10.75,-3.4000000000000004,140.5,19.5,58.0,163.5,0.2571428571428583,115.81666666666666,49.0,2,39.0,0.6571428571428582
2021-02-18,344.87,14.34,17.66,3.5,-2.5,142.5,9.0,61.25,158.0,-0.20714285714285605,116.63333333333334,55.0,2,35.5,0.6285714285714297
2021-02-19,344.72,11.02,17.65,1.5,1.05,140.0,4.5,62.75,158.5,0.021428571428572525,117.45,59.5,2,35.25,0.3571428571428582
2021-02-20,344.54,13.2,17.62,12.0,3.7,129.0,1.0,74.75,170.5,0.6357142857142869,118.1,60.0,2,23.25,-0.5642857142857133
2021-02-21,344.55,19.46,17.62,0.0,3.4,113.0,1.0,74.75,169.25,0.7785714285714297,118.48333333333333,59.5,2,23.25,-1.2928571428571416
2021-02-22,344.58,22.04,17.62,2.25,4.199999999999999,107.0,2.0,42.25,171.5,0.9214285714285725,118.88333333333334,61.0,2,21.0,-1.599999999999999
2021-02-23,344.98,35.41,17.66,10.0,-0.95,118.5,21.0,40.0,181.5,0.7857142857142867,119.75,58.0,2,16.25,-0.8714285714285703
2021-02-24,345.22,20.68,17.67,9.75,-4.3,139.5,22.5,39.0,191.25,0.6571428571428582,121.38333333333334,61.0,2,6.5,-0.2642857142857131
2021-02-25,345.19,13.91,17.67,0.0,-2.7,137.0,1.5,35.5,191.25,0.6285714285714297,122.98333333333333,53.5,2,6.5,0.35714285714285826
2021-02-26,345.06,11.7,17.65,1.25,-0.85,126.0,3.0,35.25,189.0,0.3571428571428582,124.25,52.0,2,5.25,1.200000000000001
2021-02-27,344.88,10.27,17.64,0.0,-2.75,122.0,0.5,23.25,187.5,-0.5642857142857133,125.48333333333333,51.5,2,5.75,1.792857142857144
2021-02-28,344.66,9.14,17.61,0.0,-1.7,117.0,1.0,23.25,179.5,-1.2928571428571416,126.25,51.5,2,5.75,1.8785714285714297
2021-03-01,344.43,9.48,17.58,0.0,2.05,114.0,1.0,21.0,167.5,-1.599999999999999,125.95,50.5,3,5.75,1.42857142857143
2021-03-02,344.26,15.0,17.58,5.25,4.15,109.0,0.0,16.25,170.75,-0.8714285714285703,125.53333333333333,29.5,3,0.5,0.9500000000000012
2021-03-03,344.28,17.59,17.59,0.0,-0.050000000000000044,101.5,0.0,6.5,170.75,-0.2642857142857131,125.08333333333333,7.0,3,2.25,1.3214285714285725
2021-03-04,344.2,12.8,17.59,0.0,1.65,100.0,0.5,6.5,158.75,0.35714285714285826,124.8,6.0,3,2.25,1.5785714285714296
2021-03-05,344.06,12.87,17.59,0.0,5.05,98.5,0.0,5.25,150.75,1.200000000000001,123.96666666666667,3.0,3,2.25,1.17857142857143
2021-03-06,343.97,15.8,17.59,0.5,1.4000000000000001,97.0,1.5,5.75,135.0,1.792857142857144,122.36666666666666,4.0,3,16.5,1.3857142857142868
2021-03-07,343.91,14.35,17.58,0.0,-1.1,96.0,0.5,5.75,129.5,1.8785714285714297,120.53333333333333,3.5,3,40.25,2.1785714285714297
2021-03-08,343.79,12.19,17.57,0.0,-1.1,96.0,0.0,5.75,125.75,1.42857142857143,119.18333333333334,2.5,3,40.5,3.192857142857144
2021-03-09,343.61,10.73,17.55,0.0,0.8,95.5,1.0,0.5,119.5,0.9500000000000012,118.45,3.5,3,45.0,3.671428571428573
2021-03-10,343.43,11.15,17.61,1.75,2.55,94.5,1.0,2.25,113.5,1.3214285714285725,117.18333333333334,4.5,3,43.25,3.8357142857142867
2021-03-11,343.28,10.81,13.32,0.0,3.45,93.0,2.5,2.25,108.25,1.5785714285714296,115.71666666666667,6.5,3,43.25,3.921428571428573
2021-03-12,343.28,10.72,10.72,0.0,2.25,92.0,1.0,2.25,105.75,1.17857142857143,114.26666666666667,7.5,3,43.25,4.2285714285714295
2021-03-13,343.24,14.01,15.09,14.75,2.8499999999999996,91.5,3.0,16.5,120.25,1.3857142857142868,113.13333333333334,9.0,3,30.25,4.342857142857143
2021-03-14,343.76,55.02,17.87,23.75,4.449999999999999,90.0,4.0,40.25,144.0,2.1785714285714297,112.11666666666666,12.5,3,26.5,4.550000000000002
2021-03-15,344.61,40.42,17.95,0.25,6.0,88.0,0.5,40.5,144.25,3.192857142857144,111.16666666666667,13.0,3,28.25,4.350000000000001
2021-03-16,345.04,29.83,17.94,4.5,4.15,85.0,2.5,45.0,148.75,3.671428571428573,110.2,14.5,3,24.5,4.264285714285715
2021-03-17,345.31,25.03,17.88,0.0,3.6999999999999997,83.5,1.0,43.25,114.0,3.8357142857142867,109.36666666666666,14.5,3,24.5,4.621428571428573
2021-03-18,345.41,18.97,17.84,0.0,4.05,82.5,2.0,43.25,101.75,3.921428571428573,107.98333333333333,14.0,3,26.0,5.057142857142858
2021-03-19,345.4,16.32,17.83,0.0,4.4,82.5,1.0,43.25,91.0,4.2285714285714295,106.05,14.0,3,26.75,5.378571428571431
2021-03-20,345.35,15.87,17.75,1.75,3.65,80.5,1.5,30.25,89.25,4.342857142857143,103.98333333333333,12.5,3,25.0,5.77857142857143
2021-03-21,345.39,27.09,17.68,20.0,5.9,77.0,3.0,26.5,107.75,4.550000000000002,101.88333333333334,11.5,3,21.25,5.878571428571429
2021-03-22,346.02,46.88,19.56,2.0,4.6,74.5,0.5,28.25,97.75,4.350000000000001,100.06666666666666,11.5,3,21.25,6.778571428571431
2021-03-23,346.36,25.88,21.97,0.75,3.55,73.5,1.5,24.5,98.5,4.264285714285715,98.75,10.5,3,20.5,7.5428571428571445
2021-03-24,346.39,23.2,22.03,0.0,6.2,71.0,0.0,24.5,96.25,4.621428571428573,97.55,9.5,3,20.5,7.935714285714286
2021-03-25,346.46,27.43,22.74,1.5,7.1,67.5,1.0,26.0,87.75,5.057142857142858,95.85,8.5,3,19.0,7.9857142857142875
2021-03-26,346.67,33.98,24.61,0.75,6.65,66.0,1.0,26.75,78.75,5.378571428571431,93.4,8.5,3,18.25,8.185714285714287
2021-03-27,346.86,31.67,26.59,0.0,6.45,64.0,0.5,25.0,78.75,5.77857142857143,90.96666666666667,7.5,3,18.25,8.814285714285715
2021-03-28,346.95,33.42,27.56,16.25,6.6000000000000005,61.0,3.0,21.25,93.75,5.878571428571429,88.8,7.5,3,12.75,9.007142857142858
2021-03-29,347.66,84.37,36.31,2.0,10.9,59.0,1.5,21.25,95.75,6.778571428571431,86.7,8.5,3,14.75,8.364285714285716
2021-03-30,348.52,65.61,49.15,0.0,8.9,56.0,2.5,20.5,95.75,7.5428571428571445,84.66666666666667,9.5,3,14.75,7.778571428571429
2021-03-31,348.68,56.24,51.71,0.0,8.95,53.5,1.0,20.5,95.75,7.935714285714286,82.65,10.5,3,14.75,7.450000000000002
2021-04-01,348.74,52.08,52.9,0.0,7.45,49.0,0.0,19.0,90.5,7.9857142857142875,80.65,9.5,4,14.75,7.221428571428572
2021-04-02,348.66,46.94,51.47,0.0,8.05,45.5,0.0,18.25,90.5,8.185714285714287,78.78333333333333,8.5,4,19.25,6.42857142857143
2021-04-03,348.66,58.0,51.41,0.0,10.85,40.5,0.0,18.25,90.5,8.814285714285715,76.8,8.0,4,19.25,5.442857142857144
2021-04-04,348.84,59.57,54.22,10.75,7.95,36.0,0.0,12.75,101.25,9.007142857142858,74.71666666666667,5.0,4,8.5,5.07857142857143
2021-04-05,349.07,66.04,56.48,4.0,6.4,36.5,2.0,14.75,104.75,8.364285714285716,72.7,5.5,4,4.5,5.414285714285716
2021-04-06,349.02,43.64,56.08,0.0,4.8,32.5,0.0,14.75,104.75,7.778571428571429,70.58333333333333,3.0,4,6.0,6.3500000000000005
2021-04-07,348.65,36.99,51.4,0.0,6.6499999999999995,31.5,0.0,14.75,104.75,7.450000000000002,68.43333333333334,2.0,4,10.0,6.42857142857143
2021-04-08,348.33,33.16,46.33,0.0,5.85,27.5,0.0,14.75,104.75,7.221428571428572,66.16666666666667,2.0,4,10.0,6.307142857142859
2021-04-09,348.0,26.72,41.31,4.5,2.5,29.5,10.5,19.25,107.5,6.42857142857143,64.0,12.5,4,5.5,7.200000000000002
2021-04-10,347.63,21.58,36.07,0.0,3.95,29.5,0.0,19.25,107.5,5.442857142857144,61.88333333333333,12.5,4,21.25,8.10714285714286
2021-04-11,347.3,20.42,31.69,0.0,5.4,25.5,0.0,8.5,107.5,5.07857142857143,59.666666666666664,12.5,4,54.25,8.685714285714287
2021-04-12,347.1,25.98,29.2,0.0,8.75,22.0,0.0,4.5,92.75,5.414285714285716,57.35,10.5,4,61.0,8.828571428571431
2021-04-13,347.16,37.53,29.88,1.5,11.35,19.0,0.0,6.0,70.5,6.3500000000000005,54.983333333333334,10.5,4,59.5,8.692857142857145
2021-04-14,347.52,50.05,34.35,4.0,7.2,14.0,0.0,10.0,74.25,6.42857142857143,52.516666666666666,10.5,4,55.5,8.971428571428573
2021-04-15,347.66,34.0,36.42,0.0,5.0,10.5,0.0,10.0,69.75,6.307142857142859,50.03333333333333,10.5,4,55.5,9.714285714285714
2021-04-16,347.53,29.03,34.67,0.0,8.75,8.0,0.0,5.5,69.75,7.200000000000002,47.516666666666666,0.0,4,55.5,9.771428571428572
2021-04-17,347.57,52.84,35.13,15.75,10.3,5.0,0.0,21.25,85.5,8.10714285714286,44.93333333333333,0.0,4,39.75,9.942857142857145
2021-04-18,349.04,125.93,55.01,33.0,9.45,2.0,0.0,54.25,118.5,8.685714285714287,42.25,0.0,4,7.0,9.864285714285716
2021-04-19,350.12,94.15,66.82,6.75,9.75,0.0,0.0,61.0,123.5,8.828571428571431,39.56666666666667,0.0,4,0.25,9.371428571428572
2021-04-20,350.15,59.14,67.41,0.0,10.4,0.0,0.0,59.5,103.5,8.692857142857145,37.0,0.0,4,0.25,9.05
2021-04-21,349.87,47.82,64.77,0.0,9.15,0.0,0.0,55.5,101.5,8.971428571428573,34.516666666666666,0.0,4,3.75,9.22857142857143
2021-04-22,349.43,42.75,60.54,0.0,10.2,0.0,0.0,55.5,100.75,9.714285714285714,32.06666666666667,0.0,4,36.75,9.407142857142858
2021-04-23,349.03,40.51,56.79,0.0,9.15,0.0,0.0,55.5,100.75,9.771428571428572,29.7,0.0,4,46.75,9.55
2021-04-24,348.67,39.41,52.58,0.0,11.5,0.0,0.0,39.75,99.25,9.942857142857145,27.45,0.0,4,51.5,9.457142857142857
2021-04-25,348.4,35.82,48.17,0.25,8.899999999999999,0.0,0.0,7.0,98.75,9.864285714285716,25.25,0.0,4,62.5,9.485714285714286
2021-04-26,348.06,28.65,43.31,0.0,6.3,0.0,0.0,0.25,98.75,9.371428571428572,23.116666666666667,0.0,4,72.75,9.892857142857144
2021-04-27,347.71,26.61,38.29,0.0,8.149999999999999,0.0,0.0,0.25,82.5,9.05,21.083333333333332,0.0,4,72.75,10.635714285714288
2021-04-28,347.48,27.62,35.27,3.5,10.4,0.0,0.0,3.75,84.0,9.22857142857143,19.116666666666667,0.0,4,73.5,10.964285714285714
2021-04-29,347.53,53.89,35.77,33.0,11.45,0.0,0.0,36.75,117.0,9.407142857142858,17.25,0.0,4,40.75,11.42857142857143
2021-04-30,348.25,68.47,46.02,10.0,10.15,0.0,0.0,46.75,127.0,9.55,15.466666666666667,0.0,4,30.75,11.900000000000002
2021-05-01,348.36,45.13,48.01,4.75,10.850000000000001,0.0,0.0,51.5,131.75,9.457142857142857,13.833333333333334,0.0,5,26.75,12.571428571428573
2021-05-02,348.31,46.31,47.13,11.25,9.1,0.0,0.0,62.5,143.0,9.485714285714286,12.316666666666666,0.0,5,17.5,13.157142857142858
2021-05-03,348.25,39.65,46.24,10.25,9.15,0.0,0.0,72.75,153.25,9.892857142857144,10.966666666666667,0.0,5,10.25,13.542857142857144
2021-05-04,348.06,38.63,43.54,0.0,13.35,0.0,0.0,72.75,142.5,10.635714285714288,9.766666666666667,0.0,5,11.5,13.3
2021-05-05,347.95,37.06,41.89,4.25,12.7,0.0,0.0,73.5,142.75,10.964285714285714,8.55,0.0,5,7.25,13.328571428571427
2021-05-06,347.98,47.51,42.28,0.25,14.7,0.0,0.0,40.75,143.0,11.42857142857143,7.466666666666667,0.0,5,7.0,13.464285714285717
2021-05-07,347.97,37.34,42.17,0.0,13.45,0.0,0.0,30.75,143.0,11.900000000000002,6.416666666666667,0.0,5,7.0,13.935714285714287
2021-05-08,347.92,42.94,41.33,0.75,15.55,0.0,0.0,26.75,143.75,12.571428571428573,5.5,0.0,5,6.25,14.064285714285717
2021-05-09,347.91,38.09,41.31,2.0,13.2,0.0,0.0,17.5,141.25,13.157142857142858,4.516666666666667,0.0,5,7.0,14.707142857142859
2021-05-10,347.82,35.13,39.96,3.0,11.85,0.0,0.0,10.25,144.25,13.542857142857144,3.533333333333333,0.0,5,15.0,15.514285714285718
2021-05-11,347.66,30.17,37.82,1.25,11.649999999999999,0.0,0.0,11.5,145.5,13.3,2.683333333333333,0.0,5,22.25,16.32857142857143
2021-05-12,347.48,29.32,35.36,0.0,12.899999999999999,0.0,0.0,7.25,145.5,13.328571428571427,1.95,0.0,5,28.0,16.55
2021-05-13,347.36,31.01,33.83,0.0,15.65,0.0,0.0,7.0,144.0,13.464285714285717,1.3166666666666667,0.0,5,28.0,16.864285714285717
2021-05-14,347.31,30.3,33.12,0.0,16.75,0.0,0.0,7.0,140.0,13.935714285714287,0.85,0.0,5,52.0,16.564285714285717
2021-05-15,347.22,28.8,32.02,0.0,16.450000000000003,0.0,0.0,6.25,140.0,14.064285714285717,0.5,0.0,5,61.0,16.514285714285716
2021-05-16,347.17,28.96,31.38,2.75,17.7,0.0,0.0,7.0,142.75,14.707142857142859,0.23333333333333334,0.0,5,69.25,16.164285714285715
2021-05-17,347.2,36.59,31.76,11.0,17.5,0.0,0.0,15.0,138.0,15.514285714285718,0.06666666666666667,0.0,5,59.5,16.07857142857143
2021-05-18,347.25,31.5,32.31,8.5,17.35,0.0,0.0,22.25,113.5,16.32857142857143,0.0,0.0,5,54.25,15.992857142857146
2021-05-19,347.19,27.21,31.64,5.75,14.45,0.0,0.0,28.0,112.5,16.55,0.0,0.0,5,51.0,15.914285714285715
2021-05-20,347.08,26.66,30.32,0.0,17.85,0.0,0.0,28.0,112.5,16.864285714285717,0.0,0.0,5,59.5,15.200000000000003
2021-05-21,347.13,38.06,30.85,24.0,14.649999999999999,0.0,0.0,52.0,136.5,16.564285714285717,0.0,0.0,5,40.5,15.392857142857144
2021-05-22,347.2,29.33,31.75,9.0,16.1,0.0,0.0,61.0,145.5,16.514285714285716,0.0,0.0,5,33.75,15.47857142857143
2021-05-23,347.11,26.27,30.67,11.0,15.25,0.0,0.0,69.25,156.5,16.164285714285715,0.0,0.0,5,25.25,15.378571428571432
2021-05-24,346.97,23.6,29.07,1.25,16.9,0.0,0.0,59.5,157.75,16.07857142857143,0.0,0.0,5,24.0,15.15714285714286
2021-05-25,346.83,22.48,27.56,3.25,16.75,0.0,0.0,54.25,160.75,15.992857142857146,0.0,0.0,5,20.75,15.064285714285717
2021-05-26,346.71,21.32,26.4,2.5,13.899999999999999,0.0,0.0,51.0,163.25,15.914285714285715,0.0,0.0,5,18.25,15.621428571428572
2021-05-27,346.55,17.78,24.81,8.5,12.850000000000001,0.0,0.0,59.5,171.75,15.200000000000003,0.0,0.0,5,9.75,16.492857142857144
2021-05-28,346.43,20.65,23.77,5.0,16.0,0.0,0.0,40.5,173.25,15.392857142857144,0.0,0.0,5,57.5,16.742857142857144
2021-05-29,346.34,19.44,22.96,2.25,16.7,0.0,0.0,33.75,142.5,15.47857142857143,0.0,0.0,5,55.25,16.864285714285717
2021-05-30,346.23,16.18,22.04,2.5,14.55,0.0,0.0,25.25,135.0,15.378571428571432,0.0,0.0,5,52.75,17.542857142857144
2021-05-31,346.06,15.06,22.02,0.0,15.350000000000001,0.0,0.0,24.0,130.25,15.15714285714286,0.0,0.0,5,52.75,18.28571428571429
2021-06-01,345.85,13.68,21.72,0.0,16.1,0.0,0.0,20.75,119.0,15.064285714285717,0.0,0.0,6,53.25,18.57857142857143
2021-06-02,345.65,13.29,20.91,0.0,17.799999999999997,0.0,0.0,18.25,108.75,15.621428571428572,0.0,0.0,6,53.25,18.792857142857144
2021-06-03,345.45,13.19,20.74,0.0,18.950000000000003,0.0,0.0,9.75,108.75,16.492857142857144,0.0,0.0,6,53.25,19.057142857142857
2021-06-04,345.57,43.92,21.09,52.75,17.75,0.0,0.0,57.5,157.25,16.742857142857144,0.0,0.0,6,0.5,19.571428571428573
2021-06-05,346.05,28.18,22.79,0.0,17.55,0.0,0.0,55.25,157.0,16.864285714285717,0.0,0.0,6,0.5,20.021428571428576
2021-06-06,346.06,19.41,22.88,0.0,19.3,0.0,0.0,52.75,157.0,17.542857142857144,0.0,0.0,6,0.5,20.371428571428574
2021-06-07,345.92,15.49,22.0,0.0,20.549999999999997,0.0,0.0,52.75,156.25,18.28571428571429,0.0,0.0,6,3.25,20.50714285714286
2021-06-08,345.73,13.51,21.16,0.5,18.15,0.0,0.0,53.25,154.75,18.57857142857143,0.0,0.0,6,3.25,20.72142857142857
2021-06-09,345.53,13.24,20.8,0.0,19.3,0.0,0.0,53.25,151.75,18.792857142857144,0.0,0.0,6,3.25,20.83571428571429
2021-06-10,345.31,11.72,20.78,0.0,20.8,0.0,0.0,53.25,150.5,19.057142857142857,0.0,0.0,6,3.25,20.792857142857144
2021-06-11,345.07,10.9,19.5,0.0,21.35,0.0,0.0,0.5,150.5,19.571428571428573,0.0,0.0,6,3.25,20.557142857142857
2021-06-12,344.84,9.94,18.81,0.0,20.700000000000003,0.0,0.0,0.5,150.5,20.021428571428576,0.0,0.0,6,5.25,20.192857142857147
2021-06-13,344.59,8.82,18.8,0.0,21.75,0.0,0.0,0.5,150.5,20.371428571428574,0.0,0.0,6,5.75,20.0
2021-06-14,344.3,8.07,18.79,2.75,21.5,0.0,0.0,3.25,153.25,20.50714285714286,0.0,0.0,6,3.0,19.72857142857143
2021-06-15,344.04,10.44,18.8,0.5,19.65,0.0,0.0,3.25,151.0,20.72142857142857,0.0,0.0,6,7.75,19.735714285714288
2021-06-16,343.79,8.72,18.77,0.0,20.1,0.0,0.0,3.25,140.0,20.83571428571429,0.0,0.0,6,16.75,19.50714285714286
2021-06-17,343.5,7.62,18.75,0.0,20.5,0.0,0.0,3.25,131.5,20.792857142857144,0.0,0.0,6,44.5,19.214285714285715
2021-06-18,343.17,6.57,18.74,0.0,19.7,0.0,0.0,3.25,125.75,20.557142857142857,0.0,0.0,6,44.5,19.364285714285717
2021-06-19,342.84,7.51,18.73,2.0,18.15,0.0,0.0,5.25,127.75,20.192857142857147,0.0,0.0,6,42.5,19.83571428571429
2021-06-20,342.54,7.86,18.71,0.5,20.4,0.0,0.0,5.75,104.25,20.0,0.0,0.0,6,42.0,20.07857142857143
2021-06-21,342.2,6.51,18.74,0.0,19.6,0.0,0.0,3.0,95.25,19.72857142857143,0.0,0.0,6,42.0,20.571428571428577
2021-06-22,341.85,7.39,18.72,5.25,19.700000000000003,0.0,0.0,7.75,89.5,19.735714285714288,0.0,0.0,6,38.75,20.521428571428576
2021-06-23,341.57,9.44,18.71,9.0,18.5,0.0,0.0,16.75,97.25,19.50714285714286,0.0,0.0,6,29.75,20.80714285714286
2021-06-24,341.27,8.05,18.69,27.75,18.45,0.0,0.0,44.5,121.75,19.214285714285715,0.0,0.0,6,2.25,21.042857142857144
2021-06-25,340.97,7.75,17.53,0.0,20.75,0.0,0.0,44.5,119.25,19.364285714285717,0.0,0.0,6,2.25,21.22142857142857
2021-06-26,340.71,10.26,16.65,0.0,21.45,0.0,0.0,42.5,110.75,19.83571428571429,0.0,0.0,6,2.25,21.12857142857143
2021-06-27,340.51,8.28,17.36,0.0,22.1,0.0,0.0,42.0,105.75,20.07857142857143,0.0,0.0,6,20.5,20.70714285714286
2021-06-28,340.21,6.97,17.39,0.0,23.05,0.0,0.0,42.0,103.5,20.571428571428577,0.0,0.0,6,25.25,20.33571428571429
2021-06-29,339.91,8.54,17.44,2.0,19.35,0.0,0.0,38.75,103.0,20.521428571428576,0.0,0.0,6,24.0,20.58571428571429
2021-06-30,339.63,6.88,17.43,0.0,20.5,0.0,0.0,29.75,103.0,20.80714285714286,0.0,0.0,6,25.25,20.57857142857143
2021-07-01,339.33,10.88,17.47,0.25,20.1,0.0,0.0,2.25,103.25,21.042857142857144,0.0,0.0,7,29.75,20.771428571428576
2021-07-02,339.22,14.13,17.43,0.0,22.0,0.0,0.0,2.25,103.25,21.22142857142857,0.0,0.0,7,36.5,20.685714285714287
2021-07-03,339.08,11.25,17.45,0.0,20.8,0.0,0.0,2.25,103.25,21.12857142857143,0.0,0.0,7,54.5,20.814285714285717
2021-07-04,338.85,10.27,17.37,18.25,19.15,0.0,0.0,20.5,68.75,20.70714285714286,0.0,0.0,7,43.25,21.271428571428576
2021-07-05,338.84,19.35,17.41,4.75,20.450000000000003,0.0,0.0,25.25,73.5,20.33571428571429,0.0,0.0,7,61.25,21.542857142857144
2021-07-06,338.76,13.25,17.44,0.75,21.1,0.0,0.0,24.0,74.25,20.58571428571429,0.0,0.0,7,60.5,21.871428571428574
2021-07-07,338.6,12.28,17.44,1.25,20.45,0.0,0.0,25.25,75.5,20.57857142857143,0.0,0.0,7,59.25,22.32857142857143
2021-07-08,338.48,13.87,16.77,4.75,21.45,0.0,0.0,29.75,79.75,20.771428571428576,0.0,0.0,7,54.5,22.52857142857143
2021-07-09,338.4,18.13,20.07,6.75,21.4,0.0,0.0,36.5,86.5,20.685714285714287,0.0,0.0,7,47.75,23.150000000000002
2021-07-10,338.71,43.32,22.35,18.0,21.7,0.0,0.0,54.5,104.5,20.814285714285717,0.0,0.0,7,29.75,23.857142857142858
2021-07-11,339.14,27.0,22.41,7.0,22.35,0.0,0.0,43.25,111.5,21.271428571428576,0.0,0.0,7,22.75,24.521428571428572
2021-07-12,339.26,27.7,22.43,22.75,22.35,0.0,0.0,61.25,134.25,21.542857142857144,0.0,0.0,7,0.0,25.157142857142862
2021-07-13,339.33,24.06,22.41,0.0,23.4,0.0,0.0,60.5,134.25,21.871428571428574,0.0,0.0,7,0.0,25.62857142857143
2021-07-14,339.37,20.41,22.39,0.0,23.65,0.0,0.0,59.25,131.5,22.32857142857143,0.0,0.0,7,0.0,25.985714285714288
2021-07-15,339.22,15.82,22.41,0.0,22.85,0.0,0.0,54.5,131.0,22.52857142857143,0.0,0.0,7,2.25,26.2
2021-07-16,339.01,13.52,17.1,0.0,25.75,0.0,0.0,47.75,131.0,23.150000000000002,0.0,0.0,7,2.25,26.114285714285717
2021-07-17,339.05,11.7,9.44,0.0,26.65,0.0,0.0,29.75,131.0,23.857142857142858,0.0,0.0,7,2.25,26.099999999999998
2021-07-18,339.08,10.38,13.29,0.0,27.0,0.0,0.0,22.75,131.0,24.521428571428572,0.0,0.0,7,2.25,26.0
2021-07-19,338.81,8.68,20.61,0.0,26.799999999999997,0.0,0.0,0.0,129.0,25.157142857142862,0.0,0.0,7,2.25,25.771428571428572
2021-07-20,338.39,7.7,22.21,0.0,26.7,0.0,0.0,0.0,128.5,25.62857142857143,0.0,0.0,7,6.5,25.385714285714283
2021-07-21,337.92,7.36,22.26,0.0,26.15,0.0,0.0,0.0,128.5,25.985714285714288,0.0,0.0,7,41.5,24.914285714285718
2021-07-22,337.45,7.36,22.19,2.25,24.35,0.0,0.0,2.25,125.5,26.2,0.0,0.0,7,48.75,25.064285714285713
2021-07-23,337.0,6.32,16.92,0.0,25.15,0.0,0.0,2.25,116.5,26.114285714285717,0.0,0.0,7,49.0,25.07857142857143
2021-07-24,336.83,5.83,9.53,0.0,26.549999999999997,0.0,0.0,2.25,88.75,26.099999999999998,0.0,0.0,7,56.25,24.82857142857143
2021-07-25,336.69,5.69,13.4,0.0,26.299999999999997,0.0,0.0,2.25,88.75,26.0,0.0,0.0,7,64.5,24.50714285714286
2021-07-26,336.28,5.48,20.58,0.0,25.2,0.0,0.0,2.25,88.75,25.771428571428572,0.0,0.0,7,64.5,24.642857142857142
2021-07-27,335.76,6.31,22.03,4.25,24.0,0.0,0.0,6.5,93.0,25.385714285714283,0.0,0.0,7,60.25,25.142857142857142
2021-07-28,335.32,11.16,22.04,35.0,22.85,0.0,0.0,41.5,128.0,24.914285714285718,0.0,0.0,7,25.5,25.821428571428573
2021-07-29,334.96,15.44,22.0,9.5,25.4,0.0,0.0,48.75,135.5,25.064285714285713,0.0,0.0,7,16.0,26.185714285714287
2021-07-30,334.9,17.58,22.02,0.25,25.25,0.0,0.0,49.0,135.75,25.07857142857143,0.0,0.0,7,15.75,26.492857142857144
2021-07-31,334.57,9.84,21.98,7.25,24.8,0.0,0.0,56.25,142.75,24.82857142857143,0.0,0.0,7,8.5,26.771428571428576
2021-08-01,334.16,9.85,21.92,8.25,24.05,0.0,0.0,64.5,151.0,24.50714285714286,0.0,0.0,8,10.25,27.050000000000004
2021-08-02,333.73,8.84,21.89,0.0,26.15,0.0,0.0,64.5,151.0,24.642857142857142,0.0,0.0,8,15.25,26.97142857142857
2021-08-03,333.25,7.37,21.83,0.0,27.5,0.0,0.0,60.25,132.75,25.142857142857142,0.0,0.0,8,48.25,26.25
2021-08-04,332.74,6.7,21.77,0.25,27.6,0.0,0.0,25.5,128.25,25.821428571428573,0.0,0.0,8,50.0,25.2
2021-08-05,332.19,5.9,21.73,0.0,27.95,0.0,0.0,16.0,127.5,26.185714285714287,0.0,0.0,8,51.75,23.80714285714286
2021-08-06,331.62,5.52,21.65,0.0,27.4,0.0,0.0,15.75,126.25,26.492857142857144,0.0,0.0,8,65.0,22.428571428571434
2021-08-07,331.03,5.36,21.57,0.0,26.75,0.0,0.0,8.5,121.5,26.771428571428576,0.0,0.0,8,74.25,21.014285714285716
2021-08-08,330.44,6.0,21.5,10.0,26.0,0.0,0.0,10.25,124.75,27.050000000000004,0.0,0.0,8,64.25,20.042857142857144
2021-08-09,329.91,10.55,21.5,5.0,25.6,0.0,0.0,15.25,111.75,26.97142857142857,0.0,0.0,8,59.25,19.050000000000004
2021-08-10,330.08,40.31,21.47,33.0,22.45,0.0,0.0,48.25,137.75,26.25,0.0,0.0,8,45.75,18.63571428571429
2021-08-11,330.88,39.22,20.4,2.0,20.25,0.0,0.0,50.0,117.0,25.2,0.0,0.0,8,51.75,19.071428571428577
2021-08-12,331.27,23.7,19.81,1.75,18.200000000000003,0.0,0.0,51.75,118.75,23.80714285714286,0.0,0.0,8,50.0,20.014285714285712
2021-08-13,331.28,20.64,19.81,13.25,17.75,0.0,0.0,65.0,132.0,22.428571428571434,0.0,0.0,8,36.75,21.035714285714285
2021-08-14,331.61,33.49,19.86,9.25,16.85,0.0,0.0,74.25,141.25,21.014285714285716,0.0,0.0,8,27.5,22.035714285714285
2021-08-15,331.91,23.53,19.91,0.0,19.2,0.0,0.0,64.25,141.25,20.042857142857144,0.0,0.0,8,37.75,22.692857142857147
2021-08-16,331.9,16.85,19.91,0.0,18.65,0.0,0.0,59.25,141.25,19.050000000000004,0.0,0.0,8,55.0,23.45714285714286
2021-08-17,331.76,19.07,19.9,19.5,19.55,0.0,0.0,45.75,160.75,18.63571428571429,0.0,0.0,8,40.75,23.82857142857143
2021-08-18,332.0,28.02,19.94,8.0,23.299999999999997,0.0,0.0,51.75,168.75,19.071428571428577,0.0,0.0,8,62.25,23.85
2021-08-19,332.1,18.82,19.95,0.0,24.8,0.0,0.0,50.0,168.75,20.014285714285712,0.0,0.0,8,65.25,23.97142857142857
2021-08-20,332.01,14.12,15.79,0.0,24.9,0.0,0.0,36.75,168.75,21.035714285714285,0.0,0.0,8,70.0,24.014285714285712
2021-08-21,331.98,11.94,13.33,0.0,23.85,0.0,0.0,27.5,166.5,22.035714285714285,0.0,0.0,8,80.0,23.685714285714287
2021-08-22,331.91,11.66,13.33,10.25,23.799999999999997,0.0,0.0,37.75,176.75,22.692857142857147,0.0,0.0,8,69.75,23.53571428571429
2021-08-23,331.89,13.05,13.33,17.25,24.0,0.0,0.0,55.0,194.0,23.45714285714286,0.0,0.0,8,54.0,23.192857142857147
2021-08-24,331.84,11.37,13.32,5.25,22.15,0.0,0.0,40.75,199.25,23.82857142857143,0.0,0.0,8,49.75,23.064285714285717
2021-08-25,332.19,30.52,13.34,29.5,23.45,0.0,0.0,62.25,228.75,23.85,0.0,0.0,8,20.25,22.442857142857143
2021-08-26,332.51,17.63,13.37,3.0,25.65,0.0,0.0,65.25,227.5,23.97142857142857,0.0,0.0,8,17.25,21.59285714285715
2021-08-27,332.6,14.79,13.37,4.75,25.200000000000003,0.0,0.0,70.0,197.25,24.014285714285712,0.0,0.0,8,12.5,20.742857142857144
2021-08-28,332.63,14.8,13.38,10.0,21.55,0.0,0.0,80.0,197.75,23.685714285714287,0.0,0.0,8,16.0,20.242857142857144
2021-08-29,332.66,12.53,13.38,0.0,22.75,0.0,0.0,69.75,197.5,23.53571428571429,0.0,0.0,8,16.25,19.6
2021-08-30,332.6,10.77,13.33,1.5,21.6,0.0,0.0,54.0,191.75,23.192857142857147,0.0,0.0,8,14.75,18.98571428571429
2021-08-31,332.48,9.29,13.27,1.0,21.25,0.0,0.0,49.75,184.5,23.064285714285717,0.0,0.0,8,13.75,18.35
2021-09-01,332.32,8.15,13.27,0.0,19.1,0.0,0.0,20.25,184.5,22.442857142857143,0.0,0.0,9,16.0,18.042857142857144
2021-09-02,332.12,7.19,13.41,0.0,19.700000000000003,0.0,0.0,17.25,184.5,21.59285714285715,0.0,0.0,9,16.75,18.142857142857146
2021-09-03,331.89,6.89,13.57,0.0,19.25,0.0,0.0,12.5,184.25,20.742857142857144,0.0,0.0,9,16.75,18.47857142857143
2021-09-04,331.68,11.03,13.53,13.5,18.05,0.0,0.0,16.0,197.75,20.242857142857144,0.0,0.0,9,11.75,18.88571428571429
2021-09-05,331.66,11.84,13.51,0.25,18.25,0.0,0.0,16.25,198.0,19.6,0.0,0.0,9,14.75,19.35
2021-09-06,331.53,8.75,13.48,0.0,17.3,0.0,0.0,14.75,198.0,18.98571428571429,0.0,0.0,9,14.75,19.628571428571433
2021-09-07,331.34,7.63,13.47,0.0,16.8,0.0,0.0,13.75,188.0,18.35,0.0,0.0,9,14.75,19.70714285714286
2021-09-08,331.13,7.63,13.45,2.25,16.950000000000003,0.0,0.0,16.0,185.25,18.042857142857144,0.0,0.0,9,12.5,19.992857142857144
2021-09-09,330.91,7.17,13.43,0.75,20.4,0.0,0.0,16.75,153.0,18.142857142857146,0.0,0.0,9,11.75,19.45714285714286
2021-09-10,330.66,6.07,13.14,0.0,21.6,0.0,0.0,16.75,151.0,18.47857142857143,0.0,0.0,9,12.0,18.900000000000002
2021-09-11,330.4,5.76,11.47,8.5,20.9,0.0,0.0,11.75,157.75,18.88571428571429,0.0,0.0,9,43.25,18.70714285714286
2021-09-12,330.26,5.32,8.86,3.25,21.5,0.0,0.0,14.75,147.75,19.35,0.0,0.0,9,40.0,18.400000000000002
2021-09-13,330.21,4.52,3.98,0.0,19.25,0.0,0.0,14.75,138.5,19.628571428571433,0.0,0.0,9,40.0,18.264285714285716
2021-09-14,330.23,4.48,3.94,0.0,17.35,0.0,0.0,14.75,138.5,19.70714285714286,0.0,0.0,9,40.0,18.52857142857143
2021-09-15,330.24,4.36,4.63,0.0,18.95,0.0,0.0,12.5,138.5,19.992857142857144,0.0,0.0,9,54.25,18.814285714285717
2021-09-16,330.2,4.35,5.17,0.0,16.65,0.0,0.0,11.75,119.0,19.45714285714286,0.0,0.0,9,56.25,19.22142857142857
2021-09-17,330.2,4.19,3.92,0.25,17.7,0.0,0.0,12.0,111.25,18.900000000000002,0.0,0.0,9,57.0,19.342857142857145
2021-09-18,330.69,32.76,8.81,39.75,19.55,0.0,0.0,43.25,151.0,18.70714285714286,0.0,0.0,9,17.25,18.985714285714288
2021-09-19,331.2,13.56,8.83,0.0,19.35,0.0,0.0,40.0,151.0,18.400000000000002,0.0,0.0,9,17.25,18.492857142857144
2021-09-20,331.29,9.62,8.79,0.0,18.299999999999997,0.0,0.0,40.0,151.0,18.264285714285716,0.0,0.0,9,17.25,18.2
2021-09-21,331.37,8.16,3.99,0.0,19.2,0.0,0.0,40.0,140.75,18.52857142857143,0.0,0.0,9,17.25,17.900000000000002
2021-09-22,331.5,7.88,3.99,14.25,20.95,0.0,0.0,54.25,137.75,18.814285714285717,0.0,0.0,9,3.0,17.421428571428574
2021-09-23,331.57,7.89,8.72,2.0,19.5,0.0,0.0,56.25,134.5,19.22142857142857,0.0,0.0,9,1.0,17.47857142857143
2021-09-24,331.52,6.78,8.73,1.0,18.549999999999997,0.0,0.0,57.0,106.0,19.342857142857145,0.0,0.0,9,19.75,17.171428571428574
2021-09-25,331.43,6.0,8.78,0.0,17.05,0.0,0.0,17.25,103.0,18.985714285714288,0.0,0.0,9,20.0,17.114285714285717
2021-09-26,331.32,5.39,8.73,0.0,15.899999999999999,0.0,0.0,17.25,98.25,18.492857142857144,0.0,0.0,9,20.0,17.15714285714286
2021-09-27,331.28,5.12,4.01,0.0,16.25,0.0,0.0,17.25,88.25,18.2,0.0,0.0,9,20.0,17.414285714285718
2021-09-28,331.31,4.54,3.98,0.0,17.1,0.0,0.0,17.25,88.25,17.900000000000002,0.0,0.0,9,25.0,17.7
2021-09-29,331.33,4.53,3.97,0.0,17.6,0.0,0.0,3.0,86.75,17.421428571428574,0.0,0.0,9,26.0,17.400000000000002
2021-09-30,331.34,4.25,3.97,0.0,19.9,0.0,0.0,1.0,85.75,17.47857142857143,0.0,0.0,9,26.0,16.771428571428572
2021-10-01,331.39,7.87,3.98,19.75,16.4,0.0,0.0,19.75,105.5,17.171428571428574,0.0,0.0,10,15.75,16.992857142857144
2021-10-02,331.48,7.35,8.74,0.25,16.65,0.0,0.0,20.0,105.75,17.114285714285717,0.0,0.0,10,15.75,16.985714285714288
2021-10-03,331.39,5.98,8.76,0.0,16.2,0.0,0.0,20.0,105.75,17.15714285714286,0.0,0.0,10,15.75,17.214285714285715
2021-10-04,331.36,4.83,4.0,0.0,18.05,0.0,0.0,20.0,92.25,17.414285714285718,0.0,0.0,10,18.75,17.071428571428573
2021-10-05,331.4,4.81,3.42,5.0,19.1,0.0,0.0,25.0,97.0,17.7,0.0,0.0,10,15.5,16.435714285714287
2021-10-06,331.46,5.84,3.89,1.0,15.5,0.0,0.0,26.0,98.0,17.400000000000002,0.0,0.0,10,14.75,16.307142857142857
2021-10-07,331.51,4.72,3.89,0.0,15.5,0.0,0.0,26.0,98.0,16.771428571428572,0.0,0.0,10,14.75,16.307142857142857
2021-10-08,331.53,5.02,3.91,9.5,17.95,0.0,0.0,15.75,105.25,16.992857142857144,0.0,0.0,10,7.75,15.814285714285717
2021-10-09,331.49,5.71,9.61,0.25,16.6,0.0,0.0,15.75,104.75,16.985714285714288,0.0,0.0,10,20.25,15.164285714285715
2021-10-10,331.35,4.9,8.79,0.0,17.8,0.0,0.0,15.75,104.75,17.214285714285715,0.0,0.0,10,23.5,13.835714285714287
2021-10-11,331.29,4.57,4.01,3.0,17.049999999999997,0.0,0.0,18.75,99.25,17.071428571428573,0.0,0.0,10,20.75,12.550000000000002
2021-10-12,331.33,5.66,3.99,1.75,14.649999999999999,0.0,0.0,15.5,97.75,16.435714285714287,0.0,0.0,10,19.25,11.921428571428574
2021-10-13,331.39,5.95,4.0,0.25,14.600000000000001,0.0,0.0,14.75,98.0,16.307142857142857,0.0,0.0,10,26.75,11.435714285714287
2021-10-14,331.46,5.67,4.0,0.0,15.5,0.0,0.0,14.75,98.0,16.307142857142857,0.0,0.0,10,35.25,10.385714285714288
2021-10-15,331.51,5.11,4.0,2.5,14.5,0.0,0.0,7.75,100.5,15.814285714285717,0.0,0.0,10,33.0,9.378571428571432
2021-10-16,331.49,7.38,8.77,12.75,12.05,0.0,0.0,20.25,113.25,15.164285714285715,0.0,0.0,10,23.5,8.621428571428574
2021-10-17,331.51,10.14,8.75,3.25,8.5,0.0,0.0,23.5,116.25,13.835714285714287,0.0,0.0,10,20.25,8.685714285714287
2021-10-18,331.61,8.18,4.01,0.25,8.05,0.0,0.0,20.75,76.75,12.550000000000002,0.0,0.0,10,20.0,8.892857142857144
2021-10-19,331.74,7.06,4.0,0.25,10.25,0.0,0.0,19.25,77.0,11.921428571428574,0.0,0.0,10,33.75,8.842857142857145
2021-10-20,331.87,10.67,3.99,7.75,11.2,0.0,0.0,26.75,84.75,11.435714285714287,0.0,0.0,10,26.0,8.671428571428574
2021-10-21,332.52,30.12,3.99,8.5,8.15,0.0,0.0,35.25,93.25,10.385714285714288,0.0,0.0,10,22.75,9.035714285714288
2021-10-22,333.23,18.42,3.99,0.25,7.45,0.0,0.0,33.0,79.25,9.378571428571432,0.0,0.0,10,22.5,9.300000000000002
2021-10-23,333.65,14.72,3.99,3.25,6.75,0.0,0.0,23.5,80.5,8.621428571428574,0.0,0.0,10,19.25,9.507142857142858
2021-10-24,333.97,12.43,4.0,0.0,8.95,0.0,0.0,20.25,79.5,8.685714285714287,0.0,0.0,10,19.25,9.707142857142859
2021-10-25,334.23,10.49,3.98,0.0,9.5,0.0,0.0,20.0,79.5,8.892857142857144,0.0,0.0,10,19.25,10.042857142857144
2021-10-26,334.5,14.93,3.97,14.0,9.899999999999999,0.0,0.0,33.75,93.5,8.842857142857145,0.0,0.0,10,7.75,10.421428571428574
2021-10-27,334.85,11.96,3.97,0.0,10.0,0.0,0.0,26.0,93.5,8.671428571428574,0.0,0.0,10,9.75,10.564285714285717
2021-10-28,335.09,10.82,3.93,5.25,10.7,0.0,0.0,22.75,98.75,9.035714285714288,0.0,0.0,10,4.75,10.600000000000003
2021-10-29,335.31,10.02,3.97,0.0,9.3,0.0,0.0,22.5,98.75,9.300000000000002,0.0,0.0,10,5.25,10.635714285714288
2021-10-30,335.49,8.82,3.98,0.0,8.2,0.0,0.0,19.25,98.75,9.507142857142858,0.0,0.0,10,5.25,10.671428571428574
2021-10-31,335.64,8.2,3.97,0.0,10.35,0.0,0.0,19.25,79.0,9.707142857142859,0.0,0.0,10,5.25,10.328571428571431
2021-11-01,335.76,7.59,3.96,0.0,11.850000000000001,0.0,0.0,19.25,78.75,10.042857142857144,0.0,0.0,11,5.25,10.078571428571431
2021-11-02,335.87,6.98,3.96,2.5,12.55,0.0,0.0,7.75,81.25,10.421428571428574,0.0,0.0,11,39.75,10.457142857142859
2021-11-03,335.95,6.06,3.94,2.0,11.0,0.0,0.0,9.75,83.25,10.564285714285717,0.0,0.0,11,45.25,10.450000000000001
2021-11-04,336.02,5.74,3.93,0.25,10.95,0.0,0.0,4.75,78.5,10.600000000000003,0.0,0.0,11,70.5,10.164285714285715
2021-11-05,336.08,5.45,3.92,0.5,9.55,0.0,0.0,5.25,78.0,10.635714285714288,0.0,0.0,11,81.25,9.871428571428572
2021-11-06,336.12,5.12,3.89,0.0,8.45,0.0,0.0,5.25,78.0,10.671428571428574,0.0,0.0,11,86.25,9.72857142857143
2021-11-07,336.16,4.83,3.9,0.0,7.95,0.0,0.0,5.25,68.5,10.328571428571431,0.0,0.0,11,88.25,10.007142857142858
2021-11-08,336.18,4.79,5.1,0.0,10.1,0.0,0.0,5.25,68.25,10.078571428571431,0.0,0.0,11,89.75,9.835714285714287
2021-11-09,336.45,43.18,5.32,37.0,15.2,0.0,0.0,39.75,105.25,10.457142857142859,0.0,0.0,11,53.0,8.692857142857145
2021-11-10,337.89,31.07,4.14,7.5,10.95,0.0,0.0,45.25,109.75,10.450000000000001,0.0,0.0,11,45.75,7.9
2021-11-11,338.6,29.0,4.16,25.5,8.95,0.0,0.0,70.5,133.5,10.164285714285715,0.0,0.0,11,20.5,7.2928571428571445
2021-11-12,339.39,27.86,4.18,11.25,7.5,0.0,0.0,81.25,144.5,9.871428571428572,0.0,0.0,11,9.75,7.628571428571431
2021-11-13,340.09,27.5,4.2,5.0,7.45,0.0,0.0,86.25,149.5,9.72857142857143,0.0,0.0,11,4.75,7.4785714285714295
2021-11-14,340.7,21.7,4.22,2.0,9.899999999999999,0.0,0.0,88.25,149.0,10.007142857142858,0.0,0.0,11,2.75,6.764285714285718
2021-11-15,341.18,19.6,4.24,1.5,8.899999999999999,0.0,0.0,89.75,137.75,9.835714285714287,0.0,0.0,11,7.5,6.764285714285717
2021-11-16,341.57,15.58,4.25,0.25,7.199999999999999,0.0,0.0,53.0,134.75,8.692857142857145,0.0,0.0,11,41.25,6.471428571428574
2021-11-17,341.86,13.13,4.2,0.25,5.4,0.0,0.0,45.75,134.75,7.9,0.0,0.0,11,73.25,6.000000000000003
2021-11-18,342.09,11.14,4.2,0.25,4.7,0.0,0.0,20.5,134.75,7.2928571428571445,0.0,0.0,11,97.5,5.70714285714286
2021-11-19,342.27,10.52,4.22,0.5,9.850000000000001,0.0,0.0,9.75,127.5,7.628571428571431,0.0,0.0,11,113.75,4.635714285714288
2021-11-20,342.44,9.47,4.22,0.0,6.4,0.0,0.0,4.75,119.0,7.4785714285714295,0.0,0.0,11,119.0,4.014285714285717
2021-11-21,342.57,8.42,4.22,0.0,4.9,0.0,0.0,2.75,118.75,6.764285714285718,0.0,0.0,11,119.0,3.6714285714285735
2021-11-22,342.7,8.77,4.22,6.25,8.9,0.0,0.0,7.5,121.75,6.764285714285717,0.0,0.0,11,112.75,2.721428571428573
2021-11-23,342.87,12.28,4.22,34.0,5.15,0.0,0.0,41.25,155.75,6.471428571428574,0.0,0.0,11,78.75,2.6785714285714306
2021-11-24,343.15,17.05,5.6,32.25,2.1,2.0,2.0,73.25,188.0,6.000000000000003,0.06666666666666667,2.0,11,83.25,3.3428571428571447
2021-11-25,343.49,20.15,6.15,24.5,2.65,2.5,2.0,97.5,198.5,5.70714285714286,0.15,4.0,11,64.75,3.057142857142859
2021-11-26,343.92,19.15,4.76,16.75,2.35,3.5,1.0,113.75,215.25,4.635714285714288,0.26666666666666666,5.0,11,49.5,3.0642857142857163
2021-11-27,344.26,14.63,3.91,5.25,2.05,6.0,3.0,119.0,215.25,4.014285714285717,0.4666666666666667,8.0,11,52.25,3.1142857142857165
2021-11-28,344.47,11.8,7.73,0.0,2.5,3.0,0.5,119.0,215.25,3.6714285714285735,0.5666666666666667,8.5,11,54.75,2.857142857142859
2021-11-29,344.51,11.06,10.32,0.0,2.25,1.0,0.0,112.75,215.25,2.721428571428573,0.6,8.5,11,55.0,2.7000000000000024
2021-11-30,344.49,11.49,14.82,0.0,4.85,0.0,0.0,78.75,215.25,2.6785714285714306,0.6,8.5,11,57.5,2.642857142857145
2021-12-01,345.08,70.19,17.72,36.75,6.75,1.5,1.5,83.25,252.0,3.3428571428571447,0.65,8.0,12,23.75,2.4857142857142875
2021-12-02,346.12,36.66,20.05,6.0,0.65,6.5,4.0,64.75,255.5,3.057142857142859,0.8666666666666667,10.0,12,17.75,2.921428571428574
2021-12-03,346.29,22.92,21.36,1.5,2.4,5.5,0.0,49.5,255.0,3.0642857142857163,1.05,9.0,12,16.25,2.792857142857145
2021-12-04,346.29,20.18,21.35,8.0,2.4,9.5,8.5,52.25,262.75,3.1142857142857165,1.3666666666666667,14.5,12,9.0,3.0785714285714305
2021-12-05,346.21,15.64,20.72,2.5,0.7,12.5,3.5,54.75,264.75,2.857142857142859,1.7833333333333334,17.5,12,32.25,3.6928571428571453
2021-12-06,346.06,13.94,19.74,0.25,1.1500000000000001,7.5,0.0,55.0,265.0,2.7000000000000024,2.033333333333333,17.5,12,43.25,3.4785714285714304
2021-12-07,345.91,13.92,18.9,2.5,4.45,3.5,0.0,57.5,267.5,2.642857142857145,2.15,17.5,12,41.0,3.1785714285714306
2021-12-08,345.86,18.61,18.61,3.0,5.65,0.0,0.0,23.75,270.5,2.4857142857142875,2.15,16.0,12,47.5,2.6571428571428592
2021-12-09,345.83,16.18,18.48,0.0,3.6999999999999997,0.0,0.0,17.75,233.5,2.921428571428574,2.15,12.0,12,61.5,2.2714285714285736
2021-12-10,345.75,13.9,18.11,0.0,1.5,0.0,0.0,16.25,226.0,2.792857142857145,2.15,12.0,12,69.75,2.4285714285714306
2021-12-11,345.63,13.97,17.78,0.75,4.4,0.0,0.0,9.0,201.25,3.0785714285714305,2.15,3.5,12,77.75,1.2357142857142878
2021-12-12,345.59,23.83,17.72,25.75,5.0,0.0,0.0,32.25,215.75,3.6928571428571453,2.15,0.0,12,53.75,0.21428571428571633
2021-12-13,345.97,31.04,19.17,11.25,-0.35000000000000003,11.0,13.0,43.25,222.0,3.4785714285714304,2.5166666666666666,13.0,12,50.25,0.22857142857143062
2021-12-14,346.07,19.79,19.79,0.25,2.35,7.5,0.0,41.0,220.25,3.1785714285714306,2.7666666666666666,13.0,12,68.25,0.200000000000002
2021-12-15,346.03,17.62,19.54,9.5,2.0,3.0,0.5,47.5,228.25,2.6571428571428592,2.8666666666666667,13.5,12,59.75,-0.09999999999999798
2021-12-16,346.02,26.12,19.53,14.0,1.0,0.5,0.0,61.5,242.0,2.2714285714285736,2.8833333333333333,13.5,12,46.75,-0.24285714285714086
2021-12-17,346.35,35.17,21.89,8.25,2.6,1.0,1.0,69.75,250.0,2.4285714285714306,2.9166666666666665,14.5,12,40.5,-0.5714285714285695
2021-12-18,346.57,26.1,23.76,8.75,-3.95,20.0,21.0,77.75,258.5,1.2357142857142878,3.5833333333333335,35.5,12,41.0,-0.38571428571428373
2021-12-19,346.52,18.67,23.36,1.75,-2.15,20.0,3.0,53.75,259.75,0.21428571428571633,4.25,38.5,12,52.0,-0.9214285714285696
2021-12-20,346.37,15.39,22.03,7.75,-0.25,18.0,8.0,50.25,267.5,0.22857142857143062,4.85,33.5,12,60.75,-1.599999999999998
2021-12-21,346.26,22.27,21.1,18.25,2.15,15.5,0.0,68.25,285.75,0.200000000000002,5.366666666666666,33.5,12,50.0,-2.4714285714285693
2021-12-22,346.36,21.88,21.88,1.0,-0.09999999999999998,10.5,5.0,59.75,280.5,-0.09999999999999798,5.716666666666667,38.0,12,53.5,-2.692857142857141
2021-12-23,346.26,16.04,21.12,1.0,0.0,11.0,3.0,46.75,247.5,-0.24285714285714086,6.083333333333333,41.0,12,57.25,-2.6857142857142837
2021-12-24,346.1,13.37,19.97,2.0,0.29999999999999993,10.5,1.0,40.5,217.25,-0.5714285714285695,6.366666666666666,41.0,12,68.25,-3.5714285714285694
2021-12-25,345.93,12.39,18.9,9.25,-2.65,29.0,20.0,41.0,202.0,-0.38571428571428373,7.25,40.0,12,71.0,-3.92142857142857
2021-12-26,345.76,11.61,18.12,12.75,-5.9,43.5,18.0,52.0,198.0,-0.9214285714285696,8.583333333333334,55.0,12,64.0,-3.214285714285712
2021-12-27,345.59,11.24,17.69,16.5,-5.0,54.0,22.0,60.75,209.25,-1.599999999999998,10.183333333333334,69.0,12,54.5,-2.964285714285712
2021-12-28,345.41,9.7,17.63,7.5,-3.95,59.0,8.0,50.0,216.75,-2.4714285714285693,12.05,77.0,12,53.5,-3.0071428571428553
2021-12-29,345.18,9.36,17.67,4.5,-1.65,54.5,1.5,53.5,221.25,-2.692857142857141,13.833333333333334,73.5,12,52.25,-3.4571428571428555
2021-12-30,344.96,8.78,17.66,4.75,0.04999999999999999,45.0,1.5,57.25,226.0,-2.6857142857142837,15.333333333333334,72.0,12,47.75,-4.121428571428569
2021-12-31,344.72,8.77,17.64,13.0,-5.9,57.0,19.5,68.25,202.25,-3.5714285714285694,17.183333333333334,90.5,12,45.5,-3.642857142857141
2022-01-01,344.48,8.74,17.61,12.0,-5.1,76.0,19.5,71.0,208.25,-3.92142857142857,19.5,90.0,1,34.5,-3.214285714285712
2022-01-02,344.22,7.99,17.6,5.75,-0.95,68.5,4.5,64.0,212.5,-3.214285714285712,21.6,76.5,1,34.25,-3.0642857142857123
2022-01-03,343.97,7.87,17.59,7.0,-3.25,71.5,12.0,54.5,211.5,-2.964285714285712,23.666666666666668,66.5,1,27.25,-2.749999999999998
2022-01-04,343.69,7.88,17.57,6.5,-4.25,75.0,10.0,53.5,215.5,-3.0071428571428553,25.75,68.5,1,33.0,-2.4928571428571407
2022-01-05,343.45,6.47,12.21,3.25,-4.8,76.0,5.0,52.25,218.5,-3.4571428571428555,28.033333333333335,72.0,1,58.75,-2.0285714285714262
2022-01-06,343.36,6.14,9.01,0.25,-4.6,71.0,1.0,47.75,216.25,-4.121428571428569,30.283333333333335,71.5,1,69.75,-1.6642857142857124
2022-01-07,343.28,6.15,9.02,10.75,-2.55,79.0,14.0,45.5,224.0,-3.642857142857141,32.916666666666664,66.0,1,77.25,-1.6785714285714268
2022-01-08,343.19,5.77,9.0,1.0,-2.1,76.5,2.0,34.5,225.0,-3.214285714285712,35.46666666666667,48.5,1,79.25,-1.4285714285714266
2022-01-09,343.13,5.6,5.96,5.5,0.1,74.5,6.0,34.25,230.5,-3.0642857142857123,37.95,50.0,1,81.25,-1.7428571428571407
2022-01-10,343.15,5.23,4.15,0.0,-1.05,68.5,0.0,27.25,229.75,-2.749999999999998,40.233333333333334,38.0,1,84.75,-1.6857142857142837
2022-01-11,343.18,5.59,4.15,12.25,-2.45,71.0,7.5,33.0,216.25,-2.4928571428571407,42.6,35.5,1,91.0,-2.0071428571428553
2022-01-12,343.24,5.94,4.15,29.0,-1.5499999999999998,99.0,34.0,58.75,234.0,-2.0285714285714262,45.53333333333333,64.5,1,64.75,-2.2428571428571407
2022-01-13,343.29,5.94,4.15,11.25,-2.05,106.0,15.5,69.75,245.0,-1.6642857142857124,48.81666666666667,79.0,1,55.5,-2.3428571428571408
2022-01-14,343.32,5.23,4.15,18.25,-2.65,128.5,28.5,77.25,253.75,-1.6785714285714268,53.0,93.5,1,39.75,-2.3642857142857125
2022-01-15,343.35,4.87,4.15,3.0,-0.35,125.5,1.0,79.25,242.75,-1.4285714285714266,57.166666666666664,92.5,1,36.75,-2.5499999999999976
2022-01-16,343.36,4.51,4.15,7.5,-2.1,110.5,3.5,81.25,242.0,-1.7428571428571407,60.81666666666667,90.0,1,29.25,-2.542857142857141
2022-01-17,343.39,4.87,4.15,3.5,-0.6499999999999999,108.0,4.0,84.75,236.75,-1.6857142857142837,63.75,94.0,1,28.5,-2.5071428571428553
2022-01-18,343.41,5.23,4.15,18.5,-4.699999999999999,125.0,27.5,91.0,253.5,-2.0071428571428553,67.25,114.0,1,10.0,-2.0214285714285696
2022-01-19,343.42,4.51,4.15,2.75,-3.2,118.5,6.0,64.75,248.5,-2.2428571428571407,70.6,86.0,1,8.25,-1.6214285714285694
2022-01-20,343.43,4.15,4.15,2.0,-2.75,112.5,3.5,55.5,232.25,-2.3428571428571408,73.83333333333333,74.0,1,12.75,-1.4642857142857122
2022-01-21,343.44,4.17,4.17,2.5,-2.8,110.5,4.5,39.75,233.75,-2.3642857142857125,77.16666666666667,50.0,1,17.25,-1.5357142857142836
2022-01-22,343.43,4.16,4.16,0.0,-1.65,103.5,0.0,36.75,232.75,-2.5499999999999976,80.25,49.0,1,27.25,-1.6785714285714266
2022-01-23,343.43,4.16,4.16,0.0,-2.05,99.5,0.0,29.25,230.75,-2.542857142857141,83.21666666666667,45.5,1,33.5,-1.8999999999999981
2022-01-24,343.43,4.16,4.16,2.75,-0.4,99.5,3.5,28.5,224.25,-2.5071428571428553,85.56666666666666,45.0,1,32.75,-2.399999999999998
2022-01-25,343.43,3.8,4.16,0.0,-1.2999999999999998,95.0,0.5,10.0,211.5,-2.0214285714285696,87.28333333333333,18.0,1,33.0,-2.6571428571428553
2022-01-26,343.42,3.97,3.97,1.0,-0.4,92.5,2.5,8.25,196.0,-1.6214285714285694,88.56666666666666,14.5,1,35.5,-2.857142857142855
2022-01-27,343.43,4.21,3.85,6.5,-1.65,103.0,13.5,12.75,195.0,-1.4642857142857122,90.03333333333333,24.5,1,37.25,-2.992857142857141
2022-01-28,343.44,4.21,3.85,7.0,-3.3,111.5,13.5,17.25,197.5,-1.5357142857142836,91.93333333333334,33.5,1,32.75,-2.9071428571428553
2022-01-29,343.45,4.21,3.85,10.0,-2.65,123.5,16.5,27.25,202.75,-1.6785714285714266,94.55,50.0,1,32.75,-3.214285714285712
2022-01-30,343.46,3.85,3.85,6.25,-3.6,124.0,7.0,33.5,196.0,-1.8999999999999981,96.78333333333333,57.0,1,33.0,-3.335714285714284
2022-01-31,343.46,4.21,3.85,2.0,-3.9,126.5,5.0,32.75,186.0,-2.399999999999998,98.46666666666667,58.5,1,34.25,-3.2357142857142835
2022-02-01,343.43,3.93,6.8,0.25,-3.1,119.5,1.0,33.0,180.5,-2.6571428571428553,100.16666666666667,59.0,2,36.0,-2.999999999999998
2022-02-02,343.3,4.29,9.32,3.5,-1.7999999999999998,117.0,6.0,35.5,177.0,-2.857142857142855,101.68333333333334,62.5,2,32.5,-2.942857142857141
2022-02-03,343.22,3.88,4.96,8.25,-2.5999999999999996,126.5,14.5,37.25,178.75,-2.992857142857141,103.4,63.5,2,24.25,-3.035714285714284
2022-02-04,343.19,3.67,4.75,2.5,-2.7,128.5,2.5,32.75,178.0,-2.9071428571428553,105.15,52.5,2,21.75,-2.8642857142857125
2022-02-05,343.18,4.11,3.75,10.0,-4.8,136.0,19.0,32.75,187.75,-3.214285714285712,107.31666666666666,55.0,2,12.75,-2.4142857142857124
2022-02-06,343.2,4.11,3.75,6.5,-4.45,139.5,9.0,33.0,183.5,-3.335714285714284,109.33333333333333,57.0,2,6.25,-1.685714285714284
2022-02-07,343.2,3.75,3.75,3.25,-3.2,136.0,4.0,34.25,185.75,-3.2357142857142835,111.31666666666666,56.0,2,3.0,-1.3714285714285697
2022-02-08,343.19,3.39,3.75,2.0,-1.45,138.0,6.5,36.0,182.25,-2.999999999999998,113.43333333333334,61.5,2,4.75,-1.4071428571428553
2022-02-09,343.19,3.39,3.75,0.0,-1.4,127.5,1.5,32.5,182.25,-2.942857142857141,115.4,57.0,2,12.5,-1.199999999999998
2022-02-10,343.17,3.4,3.76,0.0,-3.25,119.0,1.0,24.25,170.0,-3.035714285714284,117.0,43.5,2,13.0,-0.8285714285714266
2022-02-11,343.16,3.41,3.77,0.0,-1.5,115.0,0.5,21.75,141.0,-2.8642857142857125,117.53333333333333,41.5,2,16.5,-0.649999999999998
2022-02-12,343.15,3.78,3.78,1.0,-1.6500000000000001,110.5,2.5,12.75,130.75,-2.4142857142857124,117.68333333333334,25.0,2,16.0,-0.33571428571428374
2022-02-13,343.14,2.69,3.77,0.0,0.6499999999999999,108.5,0.0,6.25,112.5,-1.685714285714284,117.01666666666667,16.0,2,19.0,-0.44285714285714095
2022-02-14,343.12,3.07,3.79,0.0,-0.9999999999999999,105.0,0.0,3.0,109.5,-1.3714285714285697,116.33333333333333,12.0,2,32.0,-1.0285714285714267
2022-02-15,343.11,3.43,3.79,3.75,-1.7000000000000002,112.0,11.0,4.75,105.75,-1.4071428571428553,116.38333333333334,16.5,2,30.5,-1.3785714285714268
2022-02-16,343.1,3.43,3.79,7.75,0.04999999999999999,119.0,12.5,12.5,110.0,-1.199999999999998,116.75,27.5,2,30.75,-1.892857142857141
2022-02-17,343.08,3.06,3.78,0.5,-0.6499999999999999,112.0,1.5,13.0,92.0,-0.8285714285714266,116.31666666666666,28.0,2,33.5,-2.0142857142857125
2022-02-18,343.07,3.42,3.77,3.5,-0.25,108.0,6.0,16.5,92.75,-0.649999999999998,115.96666666666667,33.5,2,36.75,-1.9071428571428553
2022-02-19,343.05,3.08,3.79,0.5,0.55,102.5,1.5,16.0,91.25,-0.33571428571428374,115.63333333333334,32.5,2,38.0,-1.642857142857141
2022-02-20,343.03,3.44,3.79,3.0,-0.09999999999999998,102.5,6.0,19.0,91.75,-0.44285714285714095,115.36666666666666,38.5,2,40.75,-1.342857142857141
2022-02-21,343.03,3.78,3.78,13.0,-5.1,131.5,30.5,32.0,104.75,-1.0285714285714267,116.3,69.0,2,30.5,-0.32857142857142685
2022-02-22,343.03,3.78,3.78,2.25,-4.15,127.5,5.0,30.5,107.0,-1.3785714285714268,117.23333333333333,63.0,2,32.25,0.4714285714285732
2022-02-23,343.03,3.43,3.78,8.0,-3.55,133.5,12.5,30.75,112.25,-1.892857142857141,118.36666666666666,63.0,2,24.25,1.4071428571428588
2022-02-24,343.02,3.44,3.79,3.25,-1.5,135.0,7.5,33.5,115.5,-2.0142857142857125,119.7,69.0,2,29.0,1.7571428571428587
2022-02-25,343.01,3.44,3.79,6.75,0.49999999999999994,139.0,10.0,36.75,121.25,-1.9071428571428553,121.25,73.0,2,22.5,1.721428571428573
2022-02-26,342.99,3.09,3.8,1.75,2.4,127.5,1.0,38.0,116.5,-1.642857142857141,122.06666666666666,72.5,2,31.5,1.3857142857142875
2022-02-27,342.98,3.45,3.8,5.75,2.0,118.0,2.0,40.75,115.25,-1.342857142857141,122.28333333333333,68.5,2,45.5,0.9857142857142874
2022-02-28,342.97,3.44,3.79,2.75,2.0,117.5,5.0,30.5,108.0,-0.32857142857142685,122.08333333333333,43.0,2,44.0,0.907142857142859
2022-03-01,342.95,3.09,3.79,4.0,1.45,104.0,0.0,32.25,105.75,0.4714285714285732,121.41666666666667,38.0,3,40.25,0.8571428571428589
2022-03-02,342.93,3.1,3.8,0.0,3.0,100.0,1.0,24.25,103.75,1.4071428571428588,120.53333333333333,26.5,3,40.5,0.48571428571428754
2022-03-03,342.92,3.82,3.82,8.0,0.9500000000000001,101.5,8.5,29.0,111.5,1.7571428571428587,119.93333333333334,27.5,3,32.5,0.5357142857142875
2022-03-04,342.91,3.11,3.81,0.25,0.24999999999999994,99.0,1.5,22.5,108.25,1.721428571428573,119.33333333333333,19.0,3,35.0,0.9500000000000018
2022-03-05,342.86,3.74,7.24,10.75,0.050000000000000044,96.5,4.0,31.5,110.75,1.3857142857142875,118.33333333333333,22.0,3,28.0,1.614285714285716
2022-03-06,342.73,4.67,9.57,19.75,-0.8,120.5,29.5,45.5,128.0,0.9857142857142874,118.06666666666666,49.5,3,30.25,1.9214285714285733
2022-03-07,342.57,3.27,9.57,1.25,1.4500000000000002,120.0,1.0,44.0,119.25,0.907142857142859,117.53333333333333,45.5,3,42.0,2.264285714285716
2022-03-08,342.39,3.3,9.6,0.25,1.1,107.0,1.5,40.25,113.0,0.8571428571428589,116.45,47.0,3,50.5,2.7357142857142875
2022-03-09,342.21,3.3,9.6,0.25,0.4,99.5,0.5,40.5,110.0,0.48571428571428754,115.23333333333333,46.5,3,50.75,3.3428571428571447
2022-03-10,342.06,3.54,5.98,0.0,1.3,97.5,0.5,32.5,108.0,0.5357142857142875,113.88333333333334,38.5,3,50.75,3.6357142857142875
2022-03-11,342.04,3.47,3.81,2.75,3.1500000000000004,93.0,0.5,35.0,110.75,0.9500000000000018,112.73333333333333,37.5,3,55.0,3.371428571428573
2022-03-12,342.07,6.6,3.82,3.75,4.7,87.5,0.0,28.0,114.5,1.614285714285716,111.68333333333334,33.5,3,75.75,3.0428571428571445
2022-03-13,342.17,8.02,3.82,22.0,1.35,84.5,0.0,30.25,136.5,1.9214285714285733,110.66666666666667,4.0,3,57.25,3.2071428571428586
2022-03-14,342.4,23.01,11.81,13.0,3.8499999999999996,83.5,0.0,42.0,148.5,2.264285714285716,109.76666666666667,3.0,3,45.75,2.9357142857142873
2022-03-15,342.69,25.83,17.78,8.75,4.4,81.0,0.0,50.5,157.25,2.7357142857142875,108.85,1.5,3,37.0,2.400000000000002
2022-03-16,342.86,21.26,17.76,0.5,4.65,77.5,0.5,50.75,157.75,3.3428571428571447,107.93333333333334,1.5,3,36.5,1.964285714285716
2022-03-17,342.89,17.43,17.78,0.0,3.3499999999999996,76.0,0.5,50.75,154.0,3.6357142857142875,106.73333333333333,1.5,3,40.5,2.057142857142859
2022-03-18,342.85,14.94,17.74,7.0,1.3,75.5,2.0,55.0,153.25,3.371428571428573,105.28333333333333,3.0,3,33.75,2.714285714285716
2022-03-19,342.73,12.09,17.69,24.5,2.4,91.0,16.5,75.75,177.25,3.0428571428571445,104.58333333333333,19.5,3,27.25,3.142857142857145
2022-03-20,342.53,9.93,17.63,3.5,2.5,80.0,2.5,57.25,177.25,3.2071428571428586,103.65,22.0,3,25.75,3.7428571428571447
2022-03-21,342.29,8.51,17.61,1.5,1.95,80.0,2.5,45.75,178.25,2.9357142857142873,102.9,24.5,3,27.75,4.150000000000002
2022-03-22,342.07,7.47,11.65,0.0,0.6499999999999999,76.0,0.0,37.0,175.25,2.400000000000002,102.01666666666667,24.5,3,27.75,4.678571428571431
2022-03-23,342.05,7.03,6.34,0.0,1.5999999999999999,76.0,0.0,36.5,162.25,1.964285714285716,100.16666666666667,24.0,3,27.75,5.45714285714286
2022-03-24,342.09,7.05,5.31,4.0,4.0,75.0,0.5,40.5,164.0,2.057142857142859,98.41666666666667,24.0,3,30.0,5.592857142857144
2022-03-25,342.14,7.89,6.84,0.25,5.9,73.0,0.0,33.75,156.25,2.714285714285716,96.4,22.0,3,29.75,5.1714285714285735
2022-03-26,342.13,10.47,10.12,18.0,5.4,71.0,0.0,27.25,171.0,3.142857142857145,94.26666666666667,5.5,3,11.75,4.821428571428572
2022-03-27,342.47,36.08,14.72,2.0,6.7,69.5,0.5,25.75,166.25,3.7428571428571447,91.95,3.5,3,9.75,4.500000000000001
2022-03-28,342.92,27.44,17.61,3.5,4.8,66.0,0.5,27.75,168.0,4.150000000000002,89.9,1.5,3,8.25,4.550000000000002
2022-03-29,343.08,19.74,17.6,0.0,4.35,63.5,1.0,27.75,162.25,4.678571428571431,88.08333333333333,2.5,3,8.25,5.057142857142859
2022-03-30,343.13,23.71,17.61,0.0,7.05,61.5,0.0,27.75,159.5,5.45714285714286,86.21666666666667,2.5,3,8.25,5.071428571428574
2022-03-31,343.51,35.23,17.64,6.25,4.949999999999999,56.5,0.0,30.0,161.75,5.592857142857144,84.63333333333334,2.0,3,3.0,5.164285714285716
2022-04-01,343.9,25.58,17.68,0.0,2.95,55.5,0.0,29.75,161.75,5.1714285714285735,83.15,2.0,4,4.0,5.507142857142859
2022-04-02,344.0,19.13,17.69,0.0,2.9499999999999997,54.0,0.5,11.75,153.75,4.821428571428572,81.56666666666666,2.5,4,4.0,6.271428571428573
2022-04-03,344.03,19.14,17.7,0.0,4.449999999999999,52.0,1.0,9.75,153.5,4.500000000000001,80.0,3.0,4,4.0,7.271428571428574
2022-04-04,344.11,21.39,17.7,2.0,5.15,49.0,0.0,8.25,144.75,4.550000000000002,78.41666666666667,2.5,4,2.0,8.37857142857143
2022-04-05,344.26,26.96,17.72,0.0,7.9,47.5,0.0,8.25,125.0,5.057142857142859,75.98333333333333,1.5,4,2.0,9.100000000000001
2022-04-06,344.6,32.54,17.75,0.0,7.15,44.5,0.0,8.25,123.75,5.071428571428574,73.46666666666667,1.5,4,2.5,9.642857142857144
2022-04-07,345.02,33.07,17.79,1.0,5.6,41.5,0.5,3.0,124.5,5.164285714285716,71.28333333333333,2.0,4,7.25,9.792857142857144
2022-04-08,345.4,30.19,17.73,1.0,5.35,38.5,0.0,4.0,125.25,5.507142857142859,69.25,2.0,4,16.5,9.842857142857143
2022-04-09,345.69,30.93,17.95,0.0,8.3,37.0,0.0,4.0,125.25,6.271428571428573,67.23333333333333,1.5,4,18.75,9.521428571428572
2022-04-10,346.2,50.67,20.73,0.0,11.45,34.0,0.0,4.0,122.5,7.271428571428574,65.26666666666667,0.5,4,18.75,8.914285714285715
2022-04-11,347.17,73.53,30.14,0.0,12.899999999999999,31.0,0.0,2.0,118.75,8.37857142857143,63.38333333333333,0.5,4,18.75,8.335714285714287
2022-04-12,348.17,79.14,43.62,0.0,12.95,27.0,0.5,2.0,96.75,9.100000000000001,61.46666666666667,1.0,4,18.75,7.700000000000002
2022-04-13,348.95,84.5,54.97,0.5,10.95,23.0,0.0,2.5,84.25,9.642857142857144,59.45,1.0,4,18.25,7.335714285714287
2022-04-14,349.46,65.68,60.17,5.75,6.65,20.5,0.0,7.25,81.25,9.792857142857144,57.43333333333333,0.5,4,12.5,8.135714285714288
2022-04-15,349.34,51.06,59.11,10.25,5.699999999999999,17.0,0.5,16.5,91.0,9.842857142857143,55.416666666666664,1.0,4,6.75,9.071428571428573
2022-04-16,349.23,53.28,57.94,2.25,6.050000000000001,15.5,0.0,18.75,93.25,9.521428571428572,53.4,1.0,4,7.5,9.657142857142858
2022-04-17,349.01,45.13,55.94,0.0,7.2,13.0,0.0,18.75,86.25,8.914285714285715,51.31666666666667,1.0,4,7.5,10.05
2022-04-18,348.75,41.72,52.83,0.0,8.85,10.0,0.0,18.75,61.75,8.335714285714287,48.61666666666667,1.0,4,7.5,10.650000000000002
2022-04-19,348.52,43.07,49.24,0.0,8.5,7.5,0.5,18.75,58.25,7.700000000000002,46.2,1.0,4,22.25,11.514285714285718
2022-04-20,348.41,42.43,47.37,0.0,8.4,5.0,0.0,18.25,56.75,7.335714285714287,43.7,1.0,4,27.25,12.10714285714286
2022-04-21,348.32,46.67,46.26,0.0,12.25,1.0,0.0,12.5,56.75,8.135714285714288,41.2,1.0,4,27.25,11.814285714285717
2022-04-22,348.5,61.74,49.39,4.5,12.25,0.0,0.0,6.75,61.25,9.071428571428573,38.666666666666664,0.5,4,46.75,10.950000000000001
2022-04-23,348.83,66.65,54.71,3.0,10.15,0.5,0.5,7.5,60.25,9.657142857142858,36.18333333333333,1.0,4,44.5,10.585714285714287
2022-04-24,348.91,50.82,55.76,0.0,9.95,0.0,0.0,7.5,60.0,10.05,33.75,1.0,4,58.5,10.207142857142859
2022-04-25,348.85,61.67,55.08,0.0,13.05,0.0,0.0,7.5,42.0,10.650000000000002,31.383333333333333,1.0,4,59.25,9.55
2022-04-26,349.06,66.12,57.31,14.75,14.55,0.0,0.0,22.25,54.75,11.514285714285718,29.066666666666666,0.5,4,46.0,8.614285714285716
2022-04-27,349.79,104.15,64.68,5.0,12.55,0.0,0.0,27.25,56.25,12.10714285714286,26.866666666666667,0.5,4,41.0,8.678571428571429
2022-04-28,350.02,55.54,67.48,0.0,10.2,0.0,0.0,27.25,56.25,11.814285714285717,24.75,0.5,4,41.0,9.47857142857143
2022-04-29,349.61,43.32,63.23,24.0,6.2,0.5,0.5,46.75,80.25,10.950000000000001,22.716666666666665,1.0,4,17.0,11.057142857142859
2022-04-30,349.11,36.55,58.33,0.75,7.6,0.5,0.0,44.5,74.75,10.585714285714287,20.85,0.5,4,23.0,12.435714285714287
2022-05-01,348.64,36.9,52.54,14.0,7.3,0.0,0.0,58.5,88.75,10.207142857142859,19.0,0.5,5,9.0,13.014285714285716
2022-05-02,348.36,38.55,48.02,0.75,8.45,0.0,0.0,59.25,89.5,9.55,17.2,0.5,5,8.25,13.457142857142859
2022-05-03,348.14,34.38,44.62,1.5,8.0,0.0,0.0,46.0,91.0,8.614285714285716,15.466666666666667,0.5,5,6.75,14.171428571428574
2022-05-04,347.88,34.0,40.84,0.0,13.0,0.0,0.0,41.0,89.0,8.678571428571429,13.833333333333334,0.5,5,6.75,14.48571428571429
2022-05-05,347.84,43.51,40.29,0.0,15.8,0.0,0.0,41.0,89.0,9.47857142857143,12.25,0.5,5,6.75,14.8
2022-05-06,347.99,51.24,42.32,0.0,17.25,0.0,0.0,17.0,89.0,11.057142857142859,10.766666666666667,0.0,5,11.5,14.871428571428575
2022-05-07,348.22,56.4,45.7,6.75,17.25,0.0,0.0,23.0,94.75,12.435714285714287,9.383333333333333,0.0,5,6.25,14.600000000000003
2022-05-08,348.51,54.78,50.25,0.0,11.350000000000001,0.0,0.0,9.0,93.75,13.014285714285716,8.1,0.0,5,6.25,14.864285714285716
2022-05-09,348.38,38.83,48.3,0.0,11.55,0.0,0.0,8.25,93.75,13.457142857142859,6.866666666666666,0.0,5,6.25,14.935714285714287
2022-05-10,348.14,34.68,44.53,0.0,13.0,0.0,0.0,6.75,93.75,14.171428571428574,5.733333333333333,0.0,5,6.25,15.050000000000002
2022-05-11,347.93,34.99,41.43,0.0,15.200000000000001,0.0,0.0,6.75,93.75,14.48571428571429,4.7,0.0,5,6.25,14.942857142857147
2022-05-12,347.84,38.98,40.19,0.0,18.0,0.0,0.0,6.75,93.75,14.8,3.8,0.0,5,6.25,14.65714285714286
2022-05-13,347.85,41.47,40.26,4.75,17.75,0.0,0.0,11.5,98.0,14.871428571428575,3.033333333333333,0.0,5,1.5,14.571428571428573
2022-05-14,347.95,46.9,41.67,1.5,15.350000000000001,0.0,0.0,6.25,93.75,14.600000000000003,2.35,0.0,5,1.0,14.928571428571429
2022-05-15,347.95,36.97,41.8,0.0,13.2,0.0,0.0,6.25,83.5,14.864285714285716,1.7833333333333334,0.0,5,12.75,15.300000000000002
2022-05-16,347.76,29.01,39.08,0.0,12.05,0.0,0.0,6.25,81.25,14.935714285714287,1.2666666666666666,0.0,5,13.0,15.828571428571431
2022-05-17,347.51,26.08,35.74,0.0,13.8,0.0,0.0,6.25,81.25,15.050000000000002,0.8333333333333334,0.0,5,13.0,16.342857142857145
2022-05-18,347.28,25.56,32.81,0.0,14.45,0.0,0.0,6.25,81.25,14.942857142857147,0.5,0.0,5,13.0,16.971428571428575
2022-05-19,347.14,25.79,31.02,0.0,16.0,0.0,0.0,6.25,81.25,14.65714285714286,0.25,0.0,5,13.0,17.514285714285716
2022-05-20,347.03,27.39,29.76,0.0,17.15,0.0,0.0,1.5,81.25,14.571428571428573,0.08333333333333333,0.0,5,48.5,17.464285714285715
2022-05-21,346.97,25.56,29.08,1.0,17.85,0.0,0.0,1.0,82.25,14.928571428571429,0.05,0.0,5,48.5,17.121428571428574
2022-05-22,346.94,29.82,28.65,11.75,15.8,0.0,0.0,12.75,89.5,15.300000000000002,0.05,0.0,5,36.75,17.6
2022-05-23,346.91,23.72,28.41,0.25,15.75,0.0,0.0,13.0,86.75,15.828571428571431,0.03333333333333333,0.0,5,36.5,17.65714285714286
2022-05-24,346.78,23.56,27.08,0.0,17.4,0.0,0.0,13.0,86.75,16.342857142857145,0.03333333333333333,0.0,5,50.0,17.071428571428573
2022-05-25,346.71,24.07,26.37,0.0,18.85,0.0,0.0,13.0,86.75,16.971428571428575,0.03333333333333333,0.0,5,53.0,16.72142857142857
2022-05-26,346.66,23.93,25.88,0.0,19.799999999999997,0.0,0.0,13.0,72.0,17.514285714285716,0.03333333333333333,0.0,5,73.75,16.021428571428572
2022-05-27,347.04,69.32,29.97,35.5,16.8,0.0,0.0,48.5,102.5,17.464285714285715,0.03333333333333333,0.0,5,47.75,15.507142857142858
2022-05-28,347.65,35.84,37.45,1.0,15.45,0.0,0.0,48.5,103.5,17.121428571428574,0.03333333333333333,0.0,5,47.0,15.235714285714286
2022-05-29,347.52,30.49,35.72,0.0,19.15,0.0,0.0,36.75,79.5,17.6,0.016666666666666666,0.0,5,47.25,14.521428571428574
2022-05-30,347.35,24.36,33.62,0.0,16.15,0.0,0.0,36.5,78.75,17.65714285714286,0.0,0.0,5,59.0,13.971428571428573
2022-05-31,347.13,23.79,31.03,13.5,13.3,0.0,0.0,50.0,78.25,17.071428571428573,0.0,0.0,5,61.25,13.850000000000003
2022-06-01,346.97,22.79,29.04,3.0,16.4,0.0,0.0,53.0,80.5,16.72142857142857,0.0,0.0,6,59.5,13.200000000000001
2022-06-02,346.81,24.44,27.17,20.75,14.9,0.0,0.0,73.75,99.75,16.021428571428572,0.0,0.0,6,39.0,13.142857142857144
2022-06-03,346.86,32.05,27.75,9.5,13.2,0.0,0.0,47.75,109.25,15.507142857142858,0.0,0.0,6,32.5,13.557142857142859
2022-06-04,346.94,27.81,28.59,0.25,13.55,0.0,0.0,47.0,109.5,15.235714285714286,0.0,0.0,6,32.5,14.342857142857143
2022-06-05,346.85,22.53,27.61,0.25,14.149999999999999,0.0,0.0,47.25,109.75,14.521428571428574,0.0,0.0,6,35.5,14.950000000000001
2022-06-06,346.7,24.17,26.12,11.75,12.3,0.0,0.0,59.0,114.75,13.971428571428573,0.0,0.0,6,23.75,15.578571428571431
2022-06-07,347.09,52.78,30.23,15.75,12.45,0.0,0.0,61.25,130.5,13.850000000000003,0.0,0.0,6,8.0,16.014285714285716
2022-06-08,347.33,34.46,33.25,1.25,11.85,0.0,0.0,59.5,131.75,13.200000000000001,0.0,0.0,6,8.75,16.528571428571432
2022-06-09,347.27,26.93,32.57,0.25,14.5,0.0,0.0,39.0,132.0,13.142857142857144,0.0,0.0,6,9.5,17.121428571428574
2022-06-10,347.1,24.53,30.55,3.0,16.1,0.0,0.0,32.5,135.0,13.557142857142859,0.0,0.0,6,6.5,17.607142857142858
2022-06-11,346.95,21.35,28.77,0.25,19.049999999999997,0.0,0.0,32.5,135.25,14.342857142857143,0.0,0.0,6,6.25,17.97142857142857
2022-06-12,346.77,21.03,26.89,3.25,18.4,0.0,0.0,35.5,133.75,14.950000000000001,0.0,0.0,6,6.75,18.400000000000002
2022-06-13,346.6,17.34,25.15,0.0,16.7,0.0,0.0,23.75,132.25,15.578571428571431,0.0,0.0,6,14.5,19.07857142857143
2022-06-14,346.4,15.49,23.3,0.0,15.5,0.0,0.0,8.0,132.25,16.014285714285716,0.0,0.0,6,14.5,19.985714285714288
2022-06-15,346.22,16.0,21.86,2.0,15.45,0.0,0.0,8.75,134.25,16.528571428571432,0.0,0.0,6,12.5,20.821428571428577
2022-06-16,346.1,15.96,21.01,1.0,18.65,0.0,0.0,9.5,135.25,17.121428571428574,0.0,0.0,6,11.5,20.871428571428574
2022-06-17,345.95,14.39,20.14,0.0,19.5,0.0,0.0,6.5,135.25,17.607142857142858,0.0,0.0,6,20.0,21.028571428571432
2022-06-18,345.8,13.94,19.3,0.0,21.6,0.0,0.0,6.25,135.25,17.97142857142857,0.0,0.0,6,21.5,21.421428571428574
2022-06-19,345.65,12.66,18.76,3.75,21.4,0.0,0.0,6.75,139.0,18.400000000000002,0.0,0.0,6,17.75,21.921428571428574
2022-06-20,345.52,13.76,18.67,7.75,21.45,0.0,0.0,14.5,145.75,19.07857142857143,0.0,0.0,6,55.0,22.07857142857143
2022-06-21,345.34,10.73,18.66,0.0,21.85,0.0,0.0,14.5,134.0,19.985714285714288,0.0,0.0,6,62.25,22.37142857142857
2022-06-22,345.12,10.01,18.65,0.0,21.3,0.0,0.0,12.5,133.75,20.821428571428577,0.0,0.0,6,62.25,23.064285714285717
2022-06-23,344.88,9.43,18.67,0.0,19.0,0.0,0.0,11.5,133.75,20.871428571428574,0.0,0.0,6,72.75,23.72857142857143
2022-06-24,344.64,10.57,18.7,8.5,20.6,0.0,0.0,20.0,142.25,21.028571428571432,0.0,0.0,6,64.75,24.221428571428568
2022-06-25,344.44,11.3,18.7,1.5,24.35,0.0,0.0,21.5,143.75,21.421428571428574,0.0,0.0,6,63.25,24.400000000000002
2022-06-26,344.21,9.43,18.67,0.0,24.9,0.0,0.0,17.75,108.25,21.921428571428574,0.0,0.0,6,63.25,24.58571428571429
2022-06-27,343.93,13.44,27.47,45.0,22.549999999999997,0.0,0.0,55.0,152.25,22.07857142857143,0.0,0.0,6,25.25,24.857142857142858
2022-06-28,343.43,13.2,31.52,7.25,23.9,0.0,0.0,62.25,159.5,22.37142857142857,0.0,0.0,6,34.5,24.807142857142857
2022-06-29,342.93,10.58,26.15,0.0,26.15,0.0,0.0,62.25,159.5,23.064285714285717,0.0,0.0,6,34.5,24.47142857142857
2022-06-30,342.63,10.29,17.65,10.5,23.65,0.0,0.0,72.75,156.5,23.72857142857143,0.0,0.0,6,24.0,24.57857142857143
2022-07-01,342.42,8.37,16.43,0.5,24.049999999999997,0.0,0.0,64.75,154.0,24.221428571428568,0.0,0.0,7,23.5,24.592857142857145
2022-07-02,342.18,8.06,17.16,0.0,25.6,0.0,0.0,63.25,133.25,24.400000000000002,0.0,0.0,7,23.5,24.242857142857144
2022-07-03,341.9,7.27,17.23,0.0,26.200000000000003,0.0,0.0,63.25,123.75,24.58571428571429,0.0,0.0,7,24.0,23.928571428571427
2022-07-04,341.61,7.6,16.53,7.0,24.450000000000003,0.0,0.0,25.25,130.5,24.857142857142858,0.0,0.0,7,17.0,23.87857142857143
2022-07-05,341.37,7.93,16.51,16.5,23.55,0.0,0.0,34.5,146.75,24.807142857142857,0.0,0.0,7,0.5,24.02857142857143
2022-07-06,341.09,6.57,16.79,0.0,23.8,0.0,0.0,34.5,135.0,24.47142857142857,0.0,0.0,7,5.0,23.814285714285717
2022-07-07,340.79,6.44,16.87,0.0,24.4,0.0,0.0,24.0,119.25,24.57857142857143,0.0,0.0,7,5.0,23.464285714285715
2022-07-08,340.47,5.81,16.57,0.0,24.15,0.0,0.0,23.5,118.0,24.592857142857145,0.0,0.0,7,23.75,22.978571428571428
2022-07-09,340.17,5.78,12.51,0.0,23.15,0.0,0.0,23.5,117.75,24.242857142857144,0.0,0.0,7,59.25,22.735714285714288
2022-07-10,340.07,5.24,8.57,0.5,24.0,0.0,0.0,24.0,115.25,23.928571428571427,0.0,0.0,7,71.25,22.421428571428574
2022-07-11,339.91,5.59,16.48,0.0,24.1,0.0,0.0,17.0,115.0,23.87857142857143,0.0,0.0,7,71.75,22.400000000000002
2022-07-12,339.42,5.73,22.22,0.0,24.6,0.0,0.0,0.5,111.75,24.02857142857143,0.0,0.0,7,84.25,22.150000000000002
2022-07-13,339.22,24.2,22.22,4.5,22.299999999999997,0.0,0.0,5.0,116.25,23.814285714285717,0.0,0.0,7,121.25,22.285714285714285
2022-07-14,339.12,13.05,22.22,0.0,21.95,0.0,0.0,5.0,116.25,23.464285714285715,0.0,0.0,7,121.5,22.435714285714287
2022-07-15,339.08,38.36,21.94,18.75,20.75,0.0,0.0,23.75,133.0,22.978571428571428,0.0,0.0,7,112.5,22.57857142857143
2022-07-16,340.89,95.82,21.45,35.5,21.450000000000003,0.0,0.0,59.25,167.5,22.735714285714288,0.0,0.0,7,103.25,22.692857142857147
2022-07-17,342.0,39.84,21.54,12.5,21.799999999999997,0.0,0.0,71.25,180.0,22.421428571428574,0.0,0.0,7,91.5,23.014285714285716
2022-07-18,342.26,23.95,22.2,0.5,23.95,0.0,0.0,71.75,180.5,22.400000000000002,0.0,0.0,7,97.0,23.050000000000004
2022-07-19,342.2,20.27,22.37,12.5,22.85,0.0,0.0,84.25,189.25,22.150000000000002,0.0,0.0,7,84.5,23.535714285714285
2022-07-20,342.77,54.78,22.44,41.5,23.25,0.0,0.0,121.25,223.0,22.285714285714285,0.0,0.0,7,43.0,23.985714285714288
2022-07-21,343.26,31.24,23.7,0.25,23.0,0.0,0.0,121.5,223.25,22.435714285714287,0.0,0.0,7,42.75,24.392857142857146
2022-07-22,343.35,24.88,24.16,9.75,21.75,0.0,0.0,112.5,233.0,22.57857142857143,0.0,0.0,7,33.0,24.964285714285715
2022-07-23,343.46,42.39,24.79,26.25,22.25,0.0,0.0,103.25,259.25,22.692857142857147,0.0,0.0,7,6.75,25.464285714285715
2022-07-24,344.09,41.61,29.28,0.75,24.05,0.0,0.0,91.5,251.5,23.014285714285716,0.0,0.0,7,6.0,25.807142857142857
2022-07-25,344.17,27.73,29.95,6.0,24.2,0.0,0.0,97.0,256.0,23.050000000000004,0.0,0.0,7,0.0,26.150000000000002
2022-07-26,343.99,18.78,28.53,0.0,26.25,0.0,0.0,84.5,256.0,23.535714285714285,0.0,0.0,7,3.75,26.085714285714285
2022-07-27,343.67,13.95,26.16,0.0,26.4,0.0,0.0,43.0,211.0,23.985714285714288,0.0,0.0,7,50.0,25.771428571428576
2022-07-28,343.34,11.81,24.02,0.0,25.85,0.0,0.0,42.75,203.75,24.392857142857146,0.0,0.0,7,50.0,25.107142857142858
2022-07-29,342.99,10.64,22.69,0.0,25.75,0.0,0.0,33.0,203.75,24.964285714285715,0.0,0.0,7,50.0,24.392857142857142
2022-07-30,342.63,9.1,22.42,0.0,25.75,0.0,0.0,6.75,193.25,25.464285714285715,0.0,0.0,7,50.0,23.75
2022-07-31,342.25,8.7,22.37,0.0,26.45,0.0,0.0,6.0,192.75,25.807142857142857,0.0,0.0,7,57.5,23.050000000000004
2022-08-01,341.84,7.92,22.34,0.0,26.6,0.0,0.0,0.0,192.75,26.150000000000002,0.0,0.0,8,57.5,22.892857142857146
2022-08-02,341.42,7.88,22.3,3.75,25.799999999999997,0.0,0.0,3.75,196.5,26.085714285714285,0.0,0.0,8,54.0,23.050000000000004
2022-08-03,341.36,34.37,22.01,46.25,24.200000000000003,0.0,0.0,50.0,235.75,25.771428571428576,0.0,0.0,8,7.75,23.278571428571432
2022-08-04,341.52,16.29,22.13,0.0,21.200000000000003,0.0,0.0,50.0,219.25,25.107142857142858,0.0,0.0,8,8.5,23.842857142857145
2022-08-05,341.26,11.57,21.53,0.0,20.75,0.0,0.0,50.0,219.25,24.392857142857142,0.0,0.0,8,37.25,24.392857142857142
2022-08-06,340.93,9.39,21.53,0.0,21.25,0.0,0.0,50.0,219.25,23.75,0.0,0.0,8,71.25,24.835714285714285
2022-08-07,340.56,9.05,21.49,7.5,21.55,0.0,0.0,57.5,226.75,23.050000000000004,0.0,0.0,8,102.25,25.25714285714286
2022-08-08,340.17,8.25,22.31,0.0,25.5,0.0,0.0,57.5,226.75,22.892857142857146,0.0,0.0,8,115.0,24.921428571428574
2022-08-09,339.73,7.45,22.3,0.25,26.9,0.0,0.0,54.0,226.5,23.050000000000004,0.0,0.0,8,138.25,24.464285714285715
2022-08-10,339.28,6.91,21.76,0.0,25.799999999999997,0.0,0.0,7.75,226.5,23.278571428571432,0.0,0.0,8,142.0,24.192857142857143
2022-08-11,338.86,8.26,20.53,0.75,25.15,0.0,0.0,8.5,227.25,23.842857142857145,0.0,0.0,8,175.5,23.621428571428574
2022-08-12,338.51,9.86,20.52,28.75,24.6,0.0,0.0,37.25,251.5,24.392857142857142,0.0,0.0,8,147.0,23.271428571428572
2022-08-13,338.3,23.49,20.26,34.0,24.35,0.0,0.0,71.25,285.5,24.835714285714285,0.0,0.0,8,116.75,22.864285714285717
2022-08-14,338.83,38.89,20.16,38.5,24.5,0.0,0.0,102.25,305.25,25.25714285714286,0.0,0.0,8,78.25,22.74285714285714
2022-08-15,339.11,29.58,20.36,12.75,23.15,0.0,0.0,115.0,282.5,24.921428571428574,0.0,0.0,8,65.5,22.78571428571429
2022-08-16,339.48,31.96,20.41,23.5,23.7,0.0,0.0,138.25,293.5,24.464285714285715,0.0,0.0,8,50.75,22.985714285714288
2022-08-17,339.78,26.05,20.44,3.75,23.9,0.0,0.0,142.0,296.75,24.192857142857143,0.0,0.0,8,47.5,22.692857142857143
2022-08-18,340.35,55.32,20.49,34.25,21.15,0.0,0.0,175.5,318.5,23.621428571428574,0.0,0.0,8,25.5,22.414285714285718
2022-08-19,341.14,33.97,20.03,0.25,22.15,0.0,0.0,147.0,277.25,23.271428571428572,0.0,0.0,8,32.0,22.321428571428577
2022-08-20,341.36,21.9,17.09,3.75,21.5,0.0,0.0,116.75,280.75,22.864285714285717,0.0,0.0,8,45.5,22.435714285714287
2022-08-21,341.48,17.51,15.11,0.0,23.65,0.0,0.0,78.25,271.0,22.74285714285714,0.0,0.0,8,58.0,21.657142857142862
2022-08-22,341.52,14.29,13.26,0.0,23.45,0.0,0.0,65.5,244.75,22.78571428571429,0.0,0.0,8,58.0,21.000000000000004
2022-08-23,341.51,11.86,13.23,8.75,25.1,0.0,0.0,50.75,252.75,22.985714285714288,0.0,0.0,8,55.0,20.22857142857143
2022-08-24,341.45,10.47,13.22,0.5,21.85,0.0,0.0,47.5,247.25,22.692857142857143,0.0,0.0,8,74.5,20.150000000000002
2022-08-25,341.35,10.12,13.21,12.25,19.200000000000003,0.0,0.0,25.5,259.5,22.414285714285718,0.0,0.0,8,82.25,20.571428571428573
2022-08-26,341.33,12.87,13.21,6.75,21.5,0.0,0.0,32.0,266.25,22.321428571428577,0.0,0.0,8,75.5,20.55
2022-08-27,341.3,14.36,15.39,17.25,22.299999999999997,0.0,0.0,45.5,283.5,22.435714285714287,0.0,0.0,8,60.25,20.22857142857143
2022-08-28,341.39,21.98,15.8,12.5,18.2,0.0,0.0,58.0,296.0,21.657142857142862,0.0,0.0,8,65.75,20.59285714285715
2022-08-29,341.5,16.17,14.45,0.0,18.85,0.0,0.0,58.0,296.0,21.000000000000004,0.0,0.0,8,65.75,20.935714285714287
2022-08-30,341.5,13.72,14.41,5.75,19.7,0.0,0.0,55.0,301.75,20.22857142857143,0.0,0.0,8,60.75,21.09285714285715
2022-08-31,341.53,17.18,14.43,20.0,21.3,0.0,0.0,74.5,321.75,20.150000000000002,0.0,0.0,8,41.5,21.57857142857143
2022-09-01,341.67,20.25,14.41,20.0,22.15,0.0,0.0,82.25,338.0,20.571428571428573,0.0,0.0,9,23.25,21.349999999999998
2022-09-02,341.78,16.78,14.38,0.0,21.35,0.0,0.0,75.5,291.75,20.55,0.0,0.0,9,23.5,21.478571428571428
2022-09-03,341.79,14.09,15.81,2.0,20.05,0.0,0.0,60.25,293.75,20.22857142857143,0.0,0.0,9,21.5,21.764285714285716
2022-09-04,341.92,24.08,15.84,18.0,20.75,0.0,0.0,65.75,311.75,20.59285714285715,0.0,0.0,9,3.5,21.764285714285716
2022-09-05,342.03,17.32,16.63,0.0,21.25,0.0,0.0,65.75,311.75,20.935714285714287,0.0,0.0,9,3.5,21.792857142857144
2022-09-06,341.98,16.08,18.48,0.75,20.799999999999997,0.0,0.0,60.75,305.0,21.09285714285715,0.0,0.0,9,2.75,22.142857142857142
2022-09-07,341.91,15.05,18.48,0.75,24.7,0.0,0.0,41.5,305.75,21.57857142857143,0.0,0.0,9,2.0,21.72142857142857
2022-09-08,341.78,13.36,18.51,1.75,20.549999999999997,0.0,0.0,23.25,307.25,21.349999999999998,0.0,0.0,9,0.25,21.58571428571429
2022-09-09,341.6,11.67,18.19,0.25,22.25,0.0,0.0,23.5,307.5,21.478571428571428,0.0,0.0,9,0.0,21.235714285714288
2022-09-10,341.43,9.69,15.18,0.0,22.049999999999997,0.0,0.0,21.5,306.75,21.764285714285716,0.0,0.0,9,0.0,21.22857142857143
2022-09-11,341.27,8.78,12.21,0.0,20.75,0.0,0.0,3.5,278.0,21.764285714285716,0.0,0.0,9,0.25,21.778571428571432
2022-09-12,341.3,7.33,3.9,0.0,21.45,0.0,0.0,3.5,244.0,21.792857142857144,0.0,0.0,9,0.5,22.392857142857146
2022-09-13,341.4,6.64,3.89,0.0,23.25,0.0,0.0,2.75,205.5,22.142857142857142,0.0,0.0,9,18.0,21.678571428571434
2022-09-14,341.47,6.28,3.88,0.0,21.75,0.0,0.0,2.0,192.75,21.72142857142857,0.0,0.0,9,18.0,20.414285714285718
2022-09-15,341.53,5.94,3.88,0.0,19.6,0.0,0.0,0.25,169.25,21.58571428571429,0.0,0.0,9,18.25,19.778571428571432
2022-09-16,341.59,5.61,3.89,0.0,19.799999999999997,0.0,0.0,0.0,165.5,21.235714285714288,0.0,0.0,9,28.25,19.778571428571432
2022-09-17,341.56,5.35,9.13,0.0,22.0,0.0,0.0,0.0,131.25,21.22857142857143,0.0,0.0,9,68.25,19.414285714285715
2022-09-18,341.44,5.55,9.33,0.25,24.6,0.0,0.0,0.25,131.25,21.778571428571432,0.0,0.0,9,68.0,18.38571428571429
2022-09-19,341.36,6.7,9.1,0.25,25.75,0.0,0.0,0.5,127.75,22.392857142857146,0.0,0.0,9,67.75,17.300000000000004
2022-09-20,341.36,6.97,4.91,17.5,18.25,0.0,0.0,18.0,145.25,21.678571428571434,0.0,0.0,9,50.25,17.22142857142857
2022-09-21,341.37,5.25,5.25,0.0,12.9,0.0,0.0,18.0,145.25,20.414285714285718,0.0,0.0,9,51.75,17.78571428571429
2022-09-22,341.39,4.96,4.62,0.25,15.15,0.0,0.0,18.25,136.75,19.778571428571432,0.0,0.0,9,51.5,18.12857142857143
2022-09-23,341.32,5.6,9.72,10.0,19.8,0.0,0.0,28.25,146.25,19.778571428571432,0.0,0.0,9,41.5,17.8
2022-09-24,341.63,27.28,9.08,40.0,19.45,0.0,0.0,68.25,174.0,19.414285714285715,0.0,0.0,9,1.5,17.642857142857142
2022-09-25,341.87,13.19,9.07,0.0,17.4,0.0,0.0,68.0,167.25,18.38571428571429,0.0,0.0,9,1.5,17.771428571428572
2022-09-26,342.01,9.71,3.86,0.0,18.15,0.0,0.0,67.75,150.0,17.300000000000004,0.0,0.0,9,1.5,17.871428571428574
2022-09-27,342.16,8.09,3.88,0.0,17.7,0.0,0.0,50.25,137.5,17.22142857142857,0.0,0.0,9,5.75,18.085714285714285
2022-09-28,342.26,6.67,3.87,1.5,16.85,0.0,0.0,51.75,139.0,17.78571428571429,0.0,0.0,9,4.25,17.400000000000002
2022-09-29,342.32,5.61,3.86,0.0,17.549999999999997,0.0,0.0,51.5,133.25,18.12857142857143,0.0,0.0,9,4.5,16.1
2022-09-30,342.36,5.26,3.86,0.0,17.5,0.0,0.0,41.5,113.25,17.8,0.0,0.0,9,24.75,14.814285714285717
2022-10-01,342.33,5.28,9.14,0.0,18.35,0.0,0.0,1.5,93.25,17.642857142857142,0.0,0.0,10,25.25,13.935714285714287
2022-10-02,342.21,4.94,9.15,0.0,18.299999999999997,0.0,0.0,1.5,93.25,17.771428571428572,0.0,0.0,10,30.0,13.12857142857143
2022-10-03,342.16,4.58,3.88,0.0,18.85,0.0,0.0,1.5,91.25,17.871428571428574,0.0,0.0,10,65.5,12.578571428571431
2022-10-04,342.18,4.57,3.87,4.25,19.2,0.0,0.0,5.75,77.5,18.085714285714285,0.0,0.0,10,64.25,11.964285714285714
2022-10-05,342.2,4.57,3.87,0.0,12.05,0.0,0.0,4.25,77.5,17.400000000000002,0.0,0.0,10,64.25,12.235714285714286
2022-10-06,342.22,4.22,3.87,0.25,8.45,0.0,0.0,4.5,77.0,16.1,0.0,0.0,10,64.0,12.6
2022-10-07,342.24,6.68,3.88,20.25,8.5,0.0,0.0,24.75,96.5,14.814285714285717,0.0,0.0,10,43.75,13.292857142857144
2022-10-08,342.3,7.72,9.12,0.5,12.2,0.0,0.0,25.25,95.25,13.935714285714287,0.0,0.0,10,43.5,13.835714285714289
2022-10-09,342.2,5.52,9.38,4.75,12.649999999999999,0.0,0.0,30.0,99.75,13.12857142857143,0.0,0.0,10,38.75,14.114285714285716
2022-10-10,342.44,23.49,3.86,35.5,15.0,0.0,0.0,65.5,135.25,12.578571428571431,0.0,0.0,10,5.25,14.17857142857143
2022-10-11,342.87,14.04,3.86,3.0,14.899999999999999,0.0,0.0,64.25,138.25,11.964285714285714,0.0,0.0,10,2.25,13.614285714285717
2022-10-12,343.1,10.29,3.86,0.0,13.95,0.0,0.0,64.25,138.25,12.235714285714286,0.0,0.0,10,3.25,12.814285714285717
2022-10-13,343.26,9.26,3.87,0.0,11.0,0.0,0.0,64.0,138.25,12.6,0.0,0.0,10,3.25,12.771428571428574
2022-10-14,343.38,7.46,3.87,0.0,13.350000000000001,0.0,0.0,43.75,138.25,13.292857142857144,0.0,0.0,10,3.25,12.657142857142858
2022-10-15,343.46,6.03,3.87,0.25,16.0,0.0,0.0,43.5,138.5,13.835714285714289,0.0,0.0,10,10.75,12.22857142857143
2022-10-16,343.52,5.67,3.87,0.0,14.6,0.0,0.0,38.75,138.5,14.114285714285716,0.0,0.0,10,11.5,11.871428571428575
2022-10-17,343.55,5.76,5.04,2.0,15.450000000000001,0.0,0.0,5.25,140.5,14.17857142857143,0.0,0.0,10,9.5,10.714285714285717
2022-10-18,343.55,5.08,5.8,0.0,10.95,0.0,0.0,2.25,140.25,13.614285714285717,0.0,0.0,10,9.5,10.092857142857143
2022-10-19,343.53,5.2,6.28,1.0,8.35,0.0,0.0,3.25,141.0,12.814285714285717,0.0,0.0,10,8.5,9.821428571428573
2022-10-20,343.48,4.54,6.34,0.0,10.7,0.0,0.0,3.25,123.5,12.771428571428574,0.0,0.0,10,8.5,9.242857142857146
2022-10-21,343.44,4.34,5.78,0.0,12.55,0.0,0.0,3.25,123.5,12.657142857142858,0.0,0.0,10,8.5,8.771428571428574
2022-10-22,343.41,5.78,5.78,7.75,13.0,0.0,0.0,10.75,131.0,12.22857142857143,0.0,0.0,10,1.0,8.40714285714286
2022-10-23,343.42,5.42,5.78,0.75,12.1,0.0,0.0,11.5,121.75,11.871428571428575,0.0,0.0,10,0.5,8.042857142857144
2022-10-24,343.4,4.21,4.57,0.0,7.3500000000000005,0.0,0.0,9.5,81.75,10.714285714285717,0.0,0.0,10,0.5,8.371428571428574
2022-10-25,343.41,4.21,3.85,0.0,6.6,0.0,0.0,9.5,81.75,10.092857142857143,0.0,0.0,10,0.5,8.914285714285716
2022-10-26,343.41,4.21,3.85,0.0,6.45,0.0,0.0,8.5,81.75,9.821428571428573,0.0,0.0,10,1.0,9.614285714285716
2022-10-27,343.41,3.49,3.85,0.0,6.65,0.0,0.0,8.5,81.75,9.242857142857146,0.0,0.0,10,10.75,10.214285714285717
2022-10-28,343.41,3.85,3.85,0.0,9.25,0.0,0.0,8.5,80.25,8.771428571428574,0.0,0.0,10,13.75,9.950000000000001
2022-10-29,343.41,3.49,3.85,0.25,10.45,0.0,0.0,1.0,80.5,8.40714285714286,0.0,0.0,10,13.75,9.392857142857144
2022-10-30,343.4,3.49,3.85,0.25,9.55,0.0,0.0,0.5,80.75,8.042857142857144,0.0,0.0,10,19.0,9.00714285714286
2022-10-31,343.39,3.49,3.85,0.0,9.65,0.0,0.0,0.5,80.75,8.371428571428574,0.0,0.0,10,19.0,8.600000000000001
2022-11-01,343.38,3.49,3.85,0.0,10.399999999999999,0.0,0.0,0.5,80.75,8.914285714285716,0.0,0.0,11,23.75,8.235714285714288
2022-11-02,343.36,3.13,3.85,0.5,11.35,0.0,0.0,1.0,81.25,9.614285714285716,0.0,0.0,11,23.25,7.871428571428573
2022-11-03,343.35,4.57,3.85,9.75,10.85,0.0,0.0,10.75,86.75,10.214285714285717,0.0,0.0,11,16.0,7.450000000000003
2022-11-04,343.47,9.6,3.85,3.0,7.4,0.0,0.0,13.75,89.75,9.950000000000001,0.0,0.0,11,13.25,7.464285714285716
2022-11-05,343.57,6.01,3.85,0.25,6.55,0.0,0.0,13.75,89.75,9.392857142857144,0.0,0.0,11,13.0,7.750000000000002
2022-11-06,343.62,5.64,3.84,5.5,6.85,0.0,0.0,19.0,75.0,9.00714285714286,0.0,0.0,11,16.75,8.17857142857143
2022-11-07,343.65,4.92,3.84,0.0,6.800000000000001,0.0,0.0,19.0,74.5,8.600000000000001,0.0,0.0,11,16.75,8.328571428571431
2022-11-08,343.68,4.92,3.84,4.75,7.85,0.0,0.0,23.75,74.5,8.235714285714288,0.0,0.0,11,13.0,8.092857142857145
2022-11-09,343.71,4.56,3.84,0.0,8.8,0.0,0.0,23.25,39.0,7.871428571428573,0.0,0.0,11,13.5,7.800000000000002
2022-11-10,343.72,3.85,3.85,2.5,7.9,0.0,0.0,16.0,38.5,7.450000000000003,0.0,0.0,11,12.0,7.392857142857145
2022-11-11,343.73,4.21,3.85,0.25,7.5,0.0,0.0,13.25,38.75,7.464285714285716,0.0,0.0,11,18.5,6.814285714285716
2022-11-12,343.73,3.85,3.85,0.0,8.55,0.0,0.0,13.0,38.75,7.750000000000002,0.0,0.0,11,19.5,6.392857142857145
2022-11-13,343.73,4.2,3.84,9.25,9.85,0.0,0.0,16.75,48.0,8.17857142857143,0.0,0.0,11,10.25,5.864285714285716
2022-11-14,343.78,6.02,3.86,0.0,7.85,0.0,0.0,16.75,47.75,8.328571428571431,0.0,0.0,11,14.25,6.107142857142859
2022-11-15,343.81,4.56,3.84,1.0,6.199999999999999,0.0,0.0,13.0,48.75,8.092857142857145,0.0,0.0,11,14.75,6.371428571428574
2022-11-16,343.83,4.19,3.83,0.5,6.75,0.0,0.0,13.5,47.25,7.800000000000002,0.0,0.0,11,26.25,6.035714285714287
2022-11-17,343.84,4.55,3.83,1.0,5.05,0.0,0.0,12.0,48.25,7.392857142857145,0.0,0.0,11,32.75,6.500000000000002
2022-11-18,343.85,4.55,3.83,6.75,3.45,0.0,0.0,18.5,54.0,6.814285714285716,0.0,0.0,11,26.0,6.850000000000002
2022-11-19,343.9,5.63,3.83,1.0,5.6,0.0,0.0,19.5,55.0,6.392857142857145,0.0,0.0,11,28.75,7.135714285714288
2022-11-20,343.94,4.91,3.83,0.0,6.15,0.0,0.0,10.25,55.0,5.864285714285716,0.0,0.0,11,28.75,7.20714285714286
2022-11-21,343.96,5.66,5.3,4.0,9.55,0.0,0.0,14.25,51.25,6.107142857142859,0.0,0.0,11,24.75,6.635714285714288
2022-11-22,343.93,5.88,8.75,1.5,8.05,0.0,0.0,14.75,52.0,6.371428571428574,0.0,0.0,11,38.0,6.80714285714286
2022-11-23,343.81,7.37,10.24,12.0,4.4,0.0,0.0,26.25,64.0,6.035714285714287,0.0,0.0,11,28.75,7.250000000000002
2022-11-24,343.91,17.71,12.68,7.5,8.3,0.0,0.0,32.75,71.5,6.500000000000002,0.0,0.0,11,21.75,6.214285714285716
2022-11-25,343.92,11.62,14.13,0.0,5.9,0.0,0.0,26.0,71.5,6.850000000000002,0.0,0.0,11,26.0,5.178571428571431
2022-11-26,343.81,9.82,14.13,3.75,7.6,0.0,0.0,28.75,75.25,7.135714285714288,0.0,0.0,11,29.0,4.164285714285716
2022-11-27,343.68,8.71,14.1,0.0,6.65,0.0,0.0,28.75,75.25,7.20714285714286,0.0,0.0,11,40.5,3.5785714285714305
2022-11-28,343.55,7.56,9.0,0.0,5.55,0.0,0.0,24.75,75.0,6.635714285714288,0.0,0.0,11,41.75,2.8214285714285734
2022-11-29,343.58,7.41,5.97,14.75,9.25,0.0,0.0,38.0,89.5,6.80714285714286,0.0,0.0,11,31.25,1.292857142857145
2022-11-30,343.66,9.22,5.99,2.75,7.5,0.0,0.0,28.75,92.25,7.250000000000002,0.0,0.0,11,32.75,0.36428571428571627
2022-12-01,343.72,7.43,5.99,0.5,1.05,0.0,0.0,21.75,92.75,6.214285714285716,0.0,0.0,12,36.25,0.48571428571428765
2022-12-02,343.75,7.06,5.98,4.25,-1.3499999999999999,3.0,3.0,26.0,96.5,5.178571428571431,0.1,3.0,12,33.0,0.9642857142857162
2022-12-03,343.77,6.7,5.98,6.75,0.5,0.5,0.0,29.0,93.5,4.164285714285716,0.11666666666666667,3.0,12,26.5,1.2000000000000017
2022-12-04,343.86,11.11,6.08,11.5,2.55,1.0,1.0,40.5,102.0,3.5785714285714305,0.15,4.0,12,16.75,1.1142857142857163
2022-12-05,343.91,8.54,11.05,1.25,0.25,3.0,3.0,41.75,103.0,2.8214285714285734,0.25,7.0,12,15.5,1.364285714285716
2022-12-06,343.77,8.32,14.07,4.25,-1.4500000000000002,1.0,1.5,31.25,101.75,1.292857142857145,0.2833333333333333,8.5,12,23.75,2.107142857142859
2022-12-07,343.61,8.32,14.07,4.25,1.0,2.0,1.0,32.75,106.0,0.36428571428571627,0.35,9.5,12,40.25,1.850000000000002
2022-12-08,343.44,7.58,14.05,4.0,1.9,0.0,0.0,36.25,105.25,0.48571428571428765,0.35,9.5,12,56.5,1.3214285714285734
2022-12-09,343.3,7.29,9.09,1.0,2.0,0.0,0.0,33.0,106.25,0.9642857142857162,0.35,6.5,12,68.5,0.742857142857145
2022-12-10,343.31,6.86,6.14,0.25,2.1500000000000004,0.0,0.0,26.5,104.0,1.2000000000000017,0.35,6.5,12,69.75,0.21428571428571636
2022-12-11,343.32,6.15,6.15,1.75,1.95,1.0,1.0,16.75,105.5,1.1142857142857163,0.38333333333333336,6.5,12,72.5,-0.41428571428571226
2022-12-12,343.32,5.78,6.14,0.0,2.0,0.0,0.0,15.5,105.5,1.364285714285716,0.38333333333333336,3.5,12,76.5,-1.2214285714285695
2022-12-13,343.31,7.58,6.14,12.5,3.75,0.0,0.0,23.75,108.75,2.107142857142859,0.38333333333333336,2.0,12,67.0,-1.9571428571428553
2022-12-14,343.4,9.0,6.13,20.75,-0.7999999999999999,13.5,14.0,40.25,129.5,1.850000000000002,0.8333333333333334,15.0,12,46.25,-1.7714285714285694
2022-12-15,343.46,8.29,6.13,20.25,-1.7999999999999998,39.5,29.0,56.5,148.75,1.3214285714285734,2.15,44.0,12,37.75,-1.2357142857142838
2022-12-16,343.52,7.92,6.12,13.0,-2.05,53.5,19.5,68.5,161.25,0.742857142857145,3.933333333333333,63.5,12,53.5,-0.8357142857142837
2022-12-17,343.55,6.84,6.12,1.5,-1.55,48.5,2.0,69.75,161.75,0.21428571428571636,5.55,65.5,12,66.0,-0.49999999999999806
2022-12-18,343.58,7.57,6.13,4.5,-2.45,62.5,25.0,72.5,159.5,-0.41428571428571226,7.633333333333334,89.5,12,66.25,-0.1285714285714266
2022-12-19,343.61,6.85,6.13,4.0,-3.6500000000000004,65.5,8.5,76.5,162.5,-1.2214285714285695,9.816666666666666,98.0,12,63.25,0.4428571428571449
2022-12-20,343.62,6.13,6.13,3.0,-1.4,69.0,8.0,67.0,165.5,-1.9571428571428553,12.116666666666667,106.0,12,60.5,0.7857142857142877
2022-12-21,343.6,6.11,8.27,0.0,0.5,55.0,1.0,46.25,161.5,-1.7714285714285694,13.95,93.0,12,68.25,0.9428571428571448
2022-12-22,343.53,9.2,9.56,11.75,1.95,45.5,0.5,37.75,171.75,-1.2357142857142838,15.466666666666667,64.5,12,65.75,0.6071428571428592
2022-12-23,343.58,11.35,9.55,28.75,0.75,60.5,30.5,53.5,188.5,-0.8357142857142837,17.483333333333334,75.5,12,41.75,0.4428571428571449
2022-12-24,343.6,8.87,9.59,14.0,0.7999999999999999,71.0,11.5,66.0,195.0,-0.49999999999999806,19.85,85.0,12,27.75,0.3785714285714306
2022-12-25,343.57,8.52,9.6,4.75,0.15,55.5,3.5,66.25,199.75,-0.1285714285714266,21.7,63.5,12,30.5,0.2928571428571449
2022-12-26,343.52,7.44,9.6,1.0,0.35,52.5,0.5,63.25,197.0,0.4428571428571449,23.45,55.5,12,38.75,-0.25714285714285506
2022-12-27,343.46,7.08,9.59,0.25,1.0,44.5,1.0,60.5,197.25,0.7857142857142877,24.933333333333334,48.5,12,40.5,-0.7285714285714265
2022-12-28,343.39,7.43,9.59,7.75,1.6,39.5,3.0,68.25,205.0,0.9428571428571448,26.25,50.5,12,35.0,-1.257142857142855
2022-12-29,343.36,7.77,7.41,9.25,-0.4,43.5,12.5,65.75,199.5,0.6071428571428592,27.7,62.5,12,27.5,-1.4142857142857121
2022-12-30,343.38,6.83,6.11,4.75,-0.39999999999999997,49.0,8.0,41.75,201.5,0.4428571428571449,29.333333333333332,40.0,12,22.75,-1.3928571428571408
2022-12-31,343.39,6.11,6.11,0.0,0.35,47.5,1.0,27.75,201.0,0.3785714285714306,30.916666666666668,29.5,12,24.25,-1.6714285714285693
2023-01-01,343.39,6.47,6.11,7.5,-0.44999999999999996,49.5,9.5,30.5,204.25,0.2928571428571449,32.46666666666667,35.5,1,17.25,-1.614285714285712
2023-01-02,343.41,6.47,6.11,9.25,-3.5,63.5,20.5,38.75,206.75,-0.25714285714285506,34.56666666666667,55.5,1,13.25,-0.9785714285714265
2023-01-03,343.41,5.74,6.1,2.0,-2.3,64.5,3.0,40.5,197.25,-0.7285714285714265,36.68333333333333,57.5,1,13.75,-0.7999999999999979
2023-01-04,343.39,5.38,6.1,2.25,-2.1,62.0,8.5,35.0,198.25,-1.257142857142855,38.65,63.0,1,16.5,-0.2714285714285694
2023-01-05,343.37,5.02,6.1,1.75,-1.5,63.0,4.0,27.5,195.75,-1.4142857142857121,40.71666666666667,54.5,1,21.0,0.35000000000000203
2023-01-06,343.34,5.02,6.1,0.0,-0.25,59.5,0.0,22.75,191.5,-1.3928571428571408,42.63333333333333,46.5,1,21.0,0.7071428571428592
2023-01-07,343.31,5.02,6.1,1.5,-1.6,55.0,2.5,24.25,189.0,-1.6714285714285693,44.46666666666667,48.0,1,30.5,1.342857142857145
2023-01-08,343.27,4.66,6.1,0.5,-0.04999999999999999,54.5,3.0,17.25,188.5,-1.614285714285712,46.28333333333333,41.5,1,31.0,1.7428571428571449
2023-01-09,343.24,5.37,6.09,5.25,0.95,55.0,9.0,13.25,193.5,-0.9785714285714265,48.11666666666667,30.0,1,26.5,1.685714285714288
2023-01-10,343.22,5.01,6.09,2.5,-1.0499999999999998,55.0,8.0,13.75,194.25,-0.7999999999999979,49.916666666666664,35.0,1,24.25,1.592857142857145
2023-01-11,343.18,5.01,6.09,5.0,1.6,54.0,1.0,16.5,199.25,-0.2714285714285694,51.71666666666667,27.5,1,22.25,1.0785714285714305
2023-01-12,343.17,7.53,6.09,6.25,2.85,46.0,1.0,21.0,193.0,0.35000000000000203,53.25,24.5,1,16.0,0.32857142857143057
2023-01-13,343.25,8.3,4.71,0.0,2.25,40.0,0.5,21.0,172.25,0.7071428571428592,54.13333333333333,25.0,1,30.5,0.150000000000002
2023-01-14,343.39,11.77,3.87,11.0,2.8499999999999996,38.0,0.0,30.5,163.0,1.342857142857145,54.083333333333336,22.5,1,23.0,-0.5071428571428551
2023-01-15,343.69,20.72,13.89,1.0,2.75,35.5,0.0,31.0,151.0,1.7428571428571449,53.483333333333334,19.5,1,22.5,-1.4285714285714266
2023-01-16,343.68,13.91,17.5,0.75,0.55,36.5,2.0,26.5,150.25,1.685714285714288,53.083333333333336,12.5,1,28.0,-2.1642857142857124
2023-01-17,343.52,10.71,17.54,0.25,-1.7,36.5,0.5,24.25,146.0,1.592857142857145,52.21666666666667,5.0,1,33.5,-2.507142857142855
2023-01-18,343.37,8.59,10.39,3.0,-2.0,37.5,3.0,22.25,145.0,1.0785714285714305,51.28333333333333,7.0,1,34.25,-3.4285714285714266
2023-01-19,343.41,7.92,6.12,0.0,-2.4,37.0,0.5,16.0,142.0,0.32857142857143057,50.21666666666667,6.5,1,38.0,-3.7571428571428553
2023-01-20,343.46,8.63,6.12,14.5,1.0,40.5,7.0,30.5,156.5,0.150000000000002,49.733333333333334,13.0,1,23.75,-4.507142857142855
2023-01-21,343.52,7.2,6.12,3.5,-1.75,50.0,10.5,23.0,148.25,-0.5071428571428551,49.88333333333333,23.5,1,27.25,-4.971428571428569
2023-01-22,343.54,6.83,6.11,0.5,-3.7,51.5,3.0,22.5,120.0,-1.4285714285714266,49.583333333333336,26.5,1,28.25,-5.235714285714283
2023-01-23,343.55,6.48,6.12,6.25,-4.6,53.0,8.0,28.0,112.25,-2.1642857142857124,48.983333333333334,32.5,1,27.0,-5.342857142857141
2023-01-24,343.56,6.12,6.12,5.75,-4.1,64.0,14.0,33.5,113.25,-2.507142857142855,49.266666666666666,46.0,1,22.75,-5.249999999999998
2023-01-25,343.55,5.76,6.12,3.75,-8.45,72.5,12.0,34.25,116.0,-3.4285714285714266,49.93333333333333,55.0,1,37.0,-4.492857142857141
2023-01-26,343.55,6.12,6.12,3.75,-4.7,78.0,8.0,38.0,119.5,-3.7571428571428553,51.05,62.5,1,38.5,-4.192857142857141
2023-01-27,343.54,5.76,6.12,0.25,-4.25,73.5,0.5,23.75,112.0,-4.507142857142855,52.18333333333333,56.0,1,38.75,-4.049999999999998
2023-01-28,343.52,5.03,6.11,7.0,-5.0,84.5,18.0,27.25,109.75,-4.971428571428569,53.55,63.5,1,33.5,-3.8857142857142835
2023-01-29,343.5,5.02,6.1,1.5,-5.550000000000001,85.0,0.5,28.25,106.5,-5.235714285714283,54.75,61.0,1,33.0,-3.6714285714285695
2023-01-30,343.46,5.03,6.11,5.0,-5.35,83.0,10.5,27.0,111.5,-5.342857142857141,55.93333333333333,63.5,1,29.5,-3.1714285714285695
2023-01-31,343.43,4.68,6.12,1.5,-3.45,85.5,3.5,22.75,105.5,-5.249999999999998,57.13333333333333,53.0,1,28.0,-2.5214285714285696
2023-02-01,343.4,5.39,6.11,18.0,-3.15,95.5,19.0,37.0,114.25,-4.492857142857141,58.2,60.0,2,10.5,-2.2428571428571407
2023-02-02,343.38,5.39,6.11,5.25,-2.6,101.5,8.5,38.5,117.5,-4.192857142857141,59.43333333333333,60.5,2,7.25,-2.2785714285714262
2023-02-03,343.34,3.95,6.11,0.5,-3.25,99.5,2.0,38.75,115.75,-4.049999999999998,60.68333333333333,62.0,2,17.75,-2.578571428571426
2023-02-04,343.29,4.66,6.1,1.75,-3.8499999999999996,92.0,4.5,33.5,115.75,-3.8857142857142835,61.65,48.5,2,16.75,-1.9428571428571408
2023-02-05,343.24,4.3,6.1,1.0,-4.05,92.0,3.5,33.0,116.75,-3.6714285714285695,62.733333333333334,51.5,2,16.75,-1.2214285714285695
2023-02-06,343.19,3.94,6.1,1.5,-1.8499999999999999,91.5,3.5,29.5,116.75,-3.1714285714285695,63.95,44.5,2,15.5,-0.7428571428571408
2023-02-07,343.14,4.0,4.72,0.0,1.0999999999999999,83.5,0.0,28.0,116.25,-2.5214285714285696,64.91666666666667,41.0,2,18.75,-1.249999999999998
2023-02-08,343.14,3.88,3.88,0.5,-1.2,79.0,2.5,10.5,111.5,-2.2428571428571407,65.71666666666667,24.5,2,19.0,-1.6571428571428548
2023-02-09,343.15,4.24,3.88,2.0,-2.8499999999999996,85.0,6.5,7.25,111.0,-2.2785714285714262,66.71666666666667,22.5,2,17.0,-1.6714285714285693
2023-02-10,343.15,4.23,3.87,11.0,-5.35,93.5,15.5,17.75,117.0,-2.578571428571426,68.03333333333333,36.0,2,7.75,-0.7714285714285694
2023-02-11,343.16,3.86,3.86,0.75,0.6000000000000001,94.5,1.0,16.75,111.5,-1.9428571428571408,69.65,32.5,2,11.25,-0.3785714285714266
2023-02-12,343.16,3.86,3.86,1.0,1.0,80.5,0.5,16.75,112.5,-1.2214285714285695,71.0,29.5,2,25.0,-0.2857142857142837
2023-02-13,343.16,3.86,3.86,0.25,1.5,76.0,0.5,15.5,101.75,-0.7428571428571408,72.26666666666667,26.5,2,26.0,-0.6857142857142836
2023-02-14,343.16,3.85,3.85,3.25,-2.45,80.5,9.0,18.75,104.0,-1.249999999999998,73.76666666666667,35.5,2,24.25,-0.807142857142855
2023-02-15,343.16,3.83,3.83,0.75,-4.05,81.5,2.5,19.0,104.0,-1.6571428571428548,75.26666666666667,35.5,2,24.5,-0.42857142857142655
2023-02-16,343.16,3.83,3.83,0.0,-2.95,80.0,4.0,17.0,103.75,-1.6714285714285693,76.71666666666667,33.0,2,24.5,0.07857142857143067
2023-02-17,343.15,3.47,3.83,1.75,0.95,78.5,2.0,7.75,102.5,-0.7714285714285694,78.08333333333333,19.5,2,24.25,0.37142857142857355
2023-02-18,343.14,3.46,3.82,4.25,3.3499999999999996,74.5,0.5,11.25,106.75,-0.3785714285714266,79.33333333333333,19.0,2,23.0,-0.13571428571428354
2023-02-19,343.16,5.26,3.82,14.75,1.65,70.0,1.5,25.0,107.0,-0.2857142857142837,80.31666666666666,20.0,2,9.5,-0.5571428571428549
2023-02-20,343.17,5.42,7.22,1.25,-1.3,70.0,4.0,26.0,104.75,-0.6857142857142836,80.98333333333333,23.5,2,8.25,-0.12142857142856925
2023-02-21,343.05,4.56,9.55,1.5,-3.3,73.5,7.5,24.25,105.75,-0.807142857142855,81.71666666666667,22.0,2,6.75,0.9500000000000022
2023-02-22,342.91,4.3,9.57,1.0,-1.4000000000000001,75.5,4.5,24.5,100.5,-0.42857142857142655,82.46666666666667,24.0,2,10.25,2.1142857142857165
2023-02-23,342.76,4.34,9.6,0.0,0.6000000000000001,72.0,1.0,24.5,94.75,0.07857142857143067,82.73333333333333,21.0,2,11.25,2.421428571428574
2023-02-24,342.61,3.99,9.6,1.5,3.0,65.0,1.5,24.25,92.5,0.37142857142857355,82.48333333333333,20.5,2,11.0,2.1214285714285737
2023-02-25,342.45,4.34,9.6,3.0,-0.19999999999999996,70.5,6.0,23.0,91.75,-0.13571428571428354,82.23333333333333,26.0,2,12.0,2.4928571428571447
2023-02-26,342.3,4.33,9.59,1.25,-1.3,72.5,3.5,9.5,92.75,-0.5571428571428549,82.2,28.0,2,11.0,2.8071428571428596
2023-02-27,342.14,3.67,9.62,0.0,1.75,69.5,0.0,8.25,85.75,-0.12142857142856925,81.7,24.0,2,11.0,2.8142857142857163
2023-02-28,341.98,4.16,9.65,0.0,4.2,66.0,0.0,6.75,84.25,0.9500000000000022,81.06666666666666,16.5,2,11.0,2.778571428571431
2023-03-01,341.82,5.52,10.33,4.5,6.75,63.0,0.0,10.25,83.75,2.1142857142857165,80.4,12.0,3,6.5,2.7857142857142883
2023-03-02,341.7,6.63,10.75,1.0,2.75,60.5,0.5,11.25,83.25,2.421428571428574,79.56666666666666,11.5,3,5.5,3.4428571428571453
2023-03-03,341.57,6.28,10.74,1.25,0.9,61.5,2.0,11.0,66.5,2.1214285714285737,78.43333333333334,12.0,3,6.25,4.135714285714288
2023-03-04,341.43,5.59,10.74,4.0,2.4,63.5,3.0,12.0,65.25,2.4928571428571447,77.16666666666667,9.0,3,2.25,4.628571428571431
2023-03-05,341.28,5.58,10.73,0.25,0.9000000000000001,60.0,0.5,11.0,65.0,2.8071428571428596,75.85,6.0,3,2.0,5.250000000000002
2023-03-06,341.14,5.56,8.99,0.0,1.7999999999999998,59.0,0.5,11.0,63.25,2.8142857142857163,74.75,6.5,3,15.75,5.957142857142858
2023-03-07,341.08,5.91,7.62,0.0,3.95,57.5,0.0,11.0,62.25,2.778571428571431,73.6,6.5,3,15.75,5.828571428571431
2023-03-08,341.09,8.63,5.55,0.0,6.800000000000001,56.0,0.0,6.5,60.75,2.7857142857142883,72.41666666666667,6.5,3,15.75,5.414285714285716
2023-03-09,341.32,17.13,4.43,0.0,7.35,54.0,0.0,5.5,60.75,3.4428571428571453,71.43333333333334,6.0,3,17.0,5.20714285714286
2023-03-10,341.75,24.46,9.35,2.0,5.75,52.5,0.5,6.25,62.25,4.135714285714288,70.55,4.5,3,15.0,4.885714285714288
2023-03-11,342.08,24.9,17.62,0.0,5.85,50.5,0.5,2.25,60.25,4.628571428571431,69.4,2.0,3,15.0,4.271428571428573
2023-03-12,342.22,20.82,17.66,0.0,5.25,48.5,0.0,2.0,49.25,5.250000000000002,67.9,1.5,3,15.0,4.22857142857143
2023-03-13,342.55,44.71,17.69,13.75,6.75,46.5,0.5,15.75,62.25,5.957142857142858,66.3,1.5,3,1.25,4.150000000000003
2023-03-14,343.31,33.53,17.74,0.0,3.05,44.5,0.0,15.75,61.25,5.828571428571431,65.1,1.5,3,1.25,4.692857142857145
2023-03-15,343.52,20.97,17.74,0.0,3.9000000000000004,43.0,0.0,15.75,61.0,5.414285714285716,64.0,1.5,3,1.25,5.571428571428574
2023-03-16,343.58,19.89,17.73,1.25,5.9,41.0,0.0,17.0,59.0,5.20714285714286,62.68333333333333,1.5,3,7.5,6.385714285714288
2023-03-17,343.69,22.06,17.75,0.0,3.5,39.0,0.5,15.0,58.25,4.885714285714288,61.266666666666666,1.5,3,11.5,7.178571428571431
2023-03-18,343.75,17.75,17.75,0.0,1.55,38.0,0.5,15.0,58.25,4.271428571428573,59.86666666666667,1.5,3,11.5,7.692857142857144
2023-03-19,343.69,13.78,17.73,0.0,4.949999999999999,37.5,1.0,15.0,56.5,4.22857142857143,58.5,2.5,3,49.5,7.70714285714286
2023-03-20,343.58,15.2,17.71,0.0,6.2,35.5,0.5,1.25,52.25,4.150000000000003,57.2,2.5,3,50.5,7.571428571428574
2023-03-21,343.55,18.07,17.71,0.0,6.85,34.0,0.0,1.25,37.5,4.692857142857145,56.0,2.5,3,50.5,7.185714285714289
2023-03-22,343.66,27.8,17.74,0.0,10.05,32.5,0.0,1.25,36.25,5.571428571428574,54.75,2.5,3,50.5,6.485714285714288
2023-03-23,344.25,54.9,17.79,7.5,11.6,31.0,0.0,7.5,42.25,6.385714285714288,53.333333333333336,2.5,3,43.0,5.7357142857142875
2023-03-24,346.09,104.22,21.35,4.0,9.05,26.5,0.0,11.5,45.25,7.178571428571431,51.7,2.0,3,39.0,5.821428571428574
2023-03-25,347.32,49.73,32.07,0.0,5.15,24.0,1.0,11.5,45.25,7.692857142857144,50.1,2.5,3,39.0,6.357142857142859
2023-03-26,347.53,49.61,34.71,38.0,5.050000000000001,22.5,0.5,49.5,81.75,7.70714285714286,48.68333333333333,2.0,3,1.0,6.628571428571431
2023-03-27,348.2,64.05,44.1,1.0,5.25,20.0,0.0,50.5,79.75,7.571428571428574,47.0,1.5,3,0.0,7.0428571428571445
2023-03-28,348.24,37.33,44.74,0.0,4.15,18.0,0.5,50.5,78.5,7.185714285714289,45.18333333333333,2.0,3,0.0,7.714285714285716
2023-03-29,348.0,30.57,41.1,0.0,5.15,15.5,0.5,50.5,78.5,6.485714285714288,43.38333333333333,2.5,3,0.0,8.585714285714287
2023-03-30,347.75,28.72,37.58,0.0,6.35,13.0,0.0,43.0,78.5,5.7357142857142875,41.61666666666667,2.5,3,1.0,9.342857142857145
2023-03-31,347.59,31.3,35.33,0.0,9.65,10.0,1.0,39.0,74.0,5.821428571428574,39.85,3.5,3,25.5,9.700000000000001
2023-04-01,347.56,36.18,34.97,0.0,8.899999999999999,6.5,0.5,39.0,73.0,6.357142857142859,38.05,3.0,4,30.5,9.614285714285717
2023-04-02,347.56,32.95,34.96,0.0,6.95,3.0,0.0,1.0,71.75,6.628571428571431,36.1,2.5,4,31.75,9.35714285714286
2023-04-03,347.5,32.58,34.19,0.0,8.15,0.5,0.0,0.0,67.75,7.0428571428571445,34.0,2.5,4,31.75,9.442857142857145
2023-04-04,347.46,32.09,33.7,0.0,8.85,0.0,0.0,0.0,67.5,7.714285714285716,32.0,2.0,4,31.75,9.85714285714286
2023-04-05,347.44,34.23,33.42,0.0,11.25,0.0,0.0,0.0,67.5,8.585714285714287,30.033333333333335,1.5,4,37.5,9.350000000000003
2023-04-06,347.52,38.04,34.42,1.0,11.65,0.0,0.0,1.0,68.5,9.342857142857145,28.116666666666667,1.5,4,36.5,9.092857142857145
2023-04-07,347.75,55.65,37.53,24.5,12.15,0.0,0.0,25.5,93.0,9.700000000000001,26.25,0.5,4,12.5,8.735714285714288
2023-04-08,348.25,58.79,44.84,5.0,8.3,0.0,0.0,30.5,98.0,9.614285714285717,24.45,0.0,4,19.75,8.971428571428573
2023-04-09,348.28,36.28,45.34,1.25,5.15,0.5,0.5,31.75,97.25,9.35714285714286,22.716666666666665,0.5,4,25.25,9.72857142857143
2023-04-10,347.96,27.24,40.59,0.0,8.75,0.0,0.0,31.75,97.25,9.442857142857145,21.033333333333335,0.5,4,29.75,9.35714285714286
2023-04-11,347.69,29.95,36.79,0.0,11.75,0.0,0.0,31.75,97.25,9.85714285714286,19.416666666666668,0.5,4,31.25,9.085714285714287
2023-04-12,347.61,34.45,35.66,5.75,7.699999999999999,0.0,0.0,37.5,89.25,9.350000000000003,17.866666666666667,0.5,4,25.75,9.62857142857143
2023-04-13,347.54,29.56,34.79,0.0,9.85,0.0,0.0,36.5,89.25,9.092857142857145,16.383333333333333,0.5,4,25.75,10.3
2023-04-14,347.41,29.01,33.04,0.5,9.65,0.0,0.0,12.5,89.75,8.735714285714288,14.95,0.5,4,25.25,10.814285714285717
2023-04-15,347.35,33.06,32.25,12.25,9.95,0.0,0.0,19.75,100.75,8.971428571428573,13.583333333333334,0.5,4,13.0,10.52857142857143
2023-04-16,347.7,56.99,36.86,6.75,10.45,0.0,0.0,25.25,107.5,9.72857142857143,12.283333333333333,0.0,4,6.25,10.228571428571431
2023-04-17,347.91,38.24,39.85,4.5,6.15,0.0,0.0,29.75,112.0,9.35714285714286,11.016666666666667,0.0,4,1.75,10.307142857142859
2023-04-18,347.76,30.14,37.79,1.5,9.85,0.0,0.0,31.25,113.5,9.085714285714287,9.766666666666667,0.0,4,0.25,10.10714285714286
2023-04-19,347.58,30.42,35.25,0.25,11.5,0.0,0.0,25.75,113.75,9.62857142857143,8.583333333333334,0.0,4,31.0,9.992857142857146
2023-04-20,347.5,33.77,34.17,0.0,14.55,0.0,0.0,25.75,113.75,10.3,7.45,0.0,4,32.75,9.285714285714288
2023-04-21,347.69,46.93,36.86,0.0,13.25,0.0,0.0,25.25,113.75,10.814285714285717,6.366666666666666,0.0,4,32.75,9.050000000000002
2023-04-22,347.7,29.28,37.33,0.0,7.95,0.0,0.0,13.0,106.25,10.52857142857143,5.333333333333333,0.0,4,32.75,10.100000000000003
2023-04-23,347.44,22.59,33.86,0.0,8.35,0.0,0.0,6.25,102.25,10.228571428571431,4.45,0.0,4,46.5,10.942857142857145
2023-04-24,347.15,18.16,30.56,0.0,6.699999999999999,0.0,0.0,1.75,102.25,10.307142857142859,3.65,0.0,4,48.0,11.950000000000001
2023-04-25,346.85,17.4,27.56,0.0,8.45,0.0,0.0,0.25,64.25,10.10714285714286,2.9,0.0,4,49.5,12.150000000000004
2023-04-26,346.81,36.76,26.99,31.0,10.7,0.0,0.0,31.0,94.25,9.992857142857146,2.2333333333333334,0.0,4,18.5,12.414285714285716
2023-04-27,347.05,34.01,29.68,1.75,9.6,0.0,0.0,32.75,96.0,9.285714285714288,1.6333333333333333,0.0,4,16.75,13.164285714285715
2023-04-28,347.07,28.84,30.05,0.0,11.6,0.0,0.0,32.75,96.0,9.050000000000002,1.1166666666666667,0.0,4,16.75,14.042857142857144
2023-04-29,347.04,30.34,29.94,0.0,15.3,0.0,0.0,32.75,96.0,10.100000000000003,0.6833333333333333,0.0,4,59.25,14.02857142857143
2023-04-30,347.17,38.59,31.34,13.75,14.25,0.0,0.0,46.5,109.75,10.942857142857145,0.35,0.0,4,77.75,13.321428571428575
2023-05-01,347.23,29.99,32.0,1.5,13.75,0.0,0.0,48.0,111.25,11.950000000000001,0.13333333333333333,0.0,5,99.5,12.178571428571432
2023-05-02,347.14,24.81,31.62,1.5,9.850000000000001,0.0,0.0,49.5,112.75,12.150000000000004,0.03333333333333333,0.0,5,98.0,12.264285714285716
2023-05-03,346.91,21.89,30.48,0.0,12.55,0.0,0.0,18.5,112.75,12.414285714285716,0.016666666666666666,0.0,5,98.0,12.092857142857145
2023-05-04,346.72,22.61,28.47,0.0,14.85,0.0,0.0,16.75,112.75,13.164285714285715,0.016666666666666666,0.0,5,98.0,11.471428571428575
2023-05-05,346.59,22.15,27.23,0.0,17.75,0.0,0.0,16.75,112.75,14.042857142857144,0.016666666666666666,0.0,5,98.0,10.621428571428572
2023-05-06,346.62,38.41,27.47,42.5,15.2,0.0,0.0,59.25,154.25,14.02857142857143,0.016666666666666666,0.0,5,55.5,10.328571428571431
2023-05-07,347.09,53.83,32.39,32.25,9.3,0.0,0.0,77.75,162.0,13.321428571428575,0.016666666666666666,0.0,5,23.25,11.235714285714286
2023-05-08,348.06,86.75,44.99,23.25,5.75,0.0,0.0,99.5,180.25,12.178571428571432,0.016666666666666666,0.0,5,8.0,12.492857142857146
2023-05-09,348.33,41.91,48.08,0.0,10.45,0.0,0.0,98.0,179.0,12.264285714285716,0.0,0.0,5,8.25,13.371428571428572
2023-05-10,348.06,29.54,43.38,0.0,11.35,0.0,0.0,98.0,179.0,12.092857142857145,0.0,0.0,5,8.25,14.335714285714289
2023-05-11,347.71,23.89,38.38,0.0,10.5,0.0,0.0,98.0,179.0,11.471428571428575,0.0,0.0,5,8.25,15.800000000000002
2023-05-12,347.35,19.6,33.69,0.0,11.8,0.0,0.0,98.0,173.25,10.621428571428572,0.0,0.0,5,15.75,16.528571428571432
2023-05-13,347.03,18.34,29.81,0.0,13.15,0.0,0.0,55.5,173.25,10.328571428571431,0.0,0.0,5,15.75,17.164285714285718
2023-05-14,346.76,17.97,26.95,0.0,15.649999999999999,0.0,0.0,23.25,172.75,11.235714285714286,0.0,0.0,5,16.0,17.521428571428576
2023-05-15,346.71,30.62,26.32,8.0,14.55,0.0,0.0,8.0,168.5,12.492857142857146,0.0,0.0,5,8.25,17.807142857142857
2023-05-16,346.76,24.53,26.87,0.25,16.6,0.0,0.0,8.25,162.0,13.371428571428572,0.0,0.0,5,19.25,17.435714285714287
2023-05-17,346.65,21.54,25.84,0.0,18.1,0.0,0.0,8.25,157.5,14.335714285714289,0.0,0.0,5,19.5,16.72142857142857
2023-05-18,346.53,19.23,24.7,0.0,20.75,0.0,0.0,8.25,156.0,15.800000000000002,0.0,0.0,5,19.5,16.071428571428573
2023-05-19,346.38,18.13,23.99,7.5,16.9,0.0,0.0,15.75,163.25,16.528571428571432,0.0,0.0,5,19.5,15.785714285714288
2023-05-20,346.22,16.7,24.12,0.0,17.6,0.0,0.0,15.75,163.25,17.164285714285718,0.0,0.0,5,19.75,15.950000000000001
2023-05-21,346.03,15.8,23.12,0.25,18.15,0.0,0.0,16.0,163.5,17.521428571428576,0.0,0.0,5,23.75,15.73571428571429
2023-05-22,345.83,14.86,22.9,0.25,16.55,0.0,0.0,8.25,163.75,17.807142857142857,0.0,0.0,5,30.75,15.864285714285716
2023-05-23,345.59,12.03,22.66,11.25,14.0,0.0,0.0,19.25,175.0,17.435714285714287,0.0,0.0,5,20.0,16.250000000000004
2023-05-24,345.28,10.38,22.84,0.25,13.100000000000001,0.0,0.0,19.5,175.25,16.72142857142857,0.0,0.0,5,19.75,16.55
2023-05-25,344.94,9.87,22.85,0.0,16.2,0.0,0.0,19.5,175.25,16.071428571428573,0.0,0.0,5,19.75,16.585714285714285
2023-05-26,344.58,9.52,22.83,7.5,14.899999999999999,0.0,0.0,19.5,151.75,15.785714285714288,0.0,0.0,5,26.0,16.892857142857146
2023-05-27,344.22,9.52,22.81,0.25,18.75,0.0,0.0,19.75,150.25,15.950000000000001,0.0,0.0,5,30.0,16.571428571428573
2023-05-28,343.86,9.5,22.79,4.25,16.65,0.0,0.0,23.75,154.5,15.73571428571429,0.0,0.0,5,28.5,16.642857142857142
2023-05-29,343.5,10.78,22.63,7.25,17.45,0.0,0.0,30.75,161.75,15.864285714285716,0.0,0.0,5,22.5,16.678571428571434
2023-05-30,343.17,9.69,22.23,0.5,16.7,0.0,0.0,20.0,148.5,16.250000000000004,0.0,0.0,5,22.0,16.950000000000003
2023-05-31,342.79,8.51,22.19,0.0,15.2,0.0,0.0,19.75,147.0,16.55,0.0,0.0,5,22.25,17.53571428571429
2023-06-01,342.39,7.43,21.8,0.0,16.45,0.0,0.0,19.75,145.5,16.585714285714285,0.0,0.0,6,22.25,18.050000000000004
2023-06-02,342.02,10.08,20.82,13.75,17.05,0.0,0.0,26.0,159.25,16.892857142857146,0.0,0.0,6,25.0,18.121428571428574
2023-06-03,341.74,10.47,20.77,4.25,16.5,0.0,0.0,30.0,163.5,16.571428571428573,0.0,0.0,6,20.75,18.685714285714287
2023-06-04,341.42,9.42,20.75,2.75,17.15,0.0,0.0,28.5,166.25,16.642857142857142,0.0,0.0,6,18.5,19.064285714285717
2023-06-05,341.07,8.16,20.74,1.25,17.700000000000003,0.0,0.0,22.5,125.0,16.678571428571434,0.0,0.0,6,17.5,19.421428571428574
2023-06-06,340.68,7.28,20.73,0.0,18.6,0.0,0.0,22.0,92.75,16.950000000000003,0.0,0.0,6,22.25,19.814285714285717
2023-06-07,340.28,7.26,20.71,0.25,19.3,0.0,0.0,22.25,69.75,17.53571428571429,0.0,0.0,6,24.25,20.10714285714286
2023-06-08,339.87,6.81,20.68,0.0,20.05,0.0,0.0,22.25,69.75,18.050000000000004,0.0,0.0,6,39.25,20.014285714285712
2023-06-09,339.55,14.43,20.7,16.5,17.549999999999997,0.0,0.0,25.0,86.25,18.121428571428574,0.0,0.0,6,81.75,20.157142857142862
2023-06-10,339.31,9.45,20.67,0.0,20.45,0.0,0.0,20.75,86.25,18.685714285714287,0.0,0.0,6,81.75,20.307142857142857
2023-06-11,338.94,8.45,20.45,0.5,19.8,0.0,0.0,18.5,86.75,19.064285714285717,0.0,0.0,6,85.5,20.242857142857144
2023-06-12,338.59,8.39,19.05,0.25,20.2,0.0,0.0,17.5,87.0,19.421428571428574,0.0,0.0,6,85.25,19.97142857142857
2023-06-13,338.26,7.6,18.26,4.75,21.35,0.0,0.0,22.25,91.75,19.814285714285717,0.0,0.0,6,80.5,19.728571428571428
2023-06-14,337.93,7.51,18.28,2.25,21.35,0.0,0.0,24.25,86.0,20.10714285714286,0.0,0.0,6,78.25,19.564285714285717
2023-06-15,337.59,7.85,18.27,15.0,19.4,0.0,0.0,39.25,100.75,20.014285714285712,0.0,0.0,6,63.75,19.557142857142857
2023-06-16,338.04,70.28,18.42,59.0,18.549999999999997,0.0,0.0,81.75,159.75,20.157142857142862,0.0,0.0,6,9.75,19.657142857142862
2023-06-17,339.39,35.32,18.41,0.0,21.5,0.0,0.0,81.75,159.75,20.307142857142857,0.0,0.0,6,12.75,19.621428571428574
2023-06-18,339.64,23.35,18.41,4.25,19.35,0.0,0.0,85.5,156.5,20.242857142857144,0.0,0.0,6,8.5,19.864285714285717
2023-06-19,339.7,16.26,18.24,0.0,18.299999999999997,0.0,0.0,85.25,156.5,19.97142857142857,0.0,0.0,6,8.5,20.428571428571434
2023-06-20,339.57,12.62,18.22,0.0,19.65,0.0,0.0,80.5,156.25,19.728571428571428,0.0,0.0,6,22.5,20.87857142857143
2023-06-21,339.37,10.62,18.2,0.0,20.2,0.0,0.0,78.25,156.0,19.564285714285717,0.0,0.0,6,34.75,21.47857142857143
2023-06-22,339.13,9.98,18.18,0.5,19.35,0.0,0.0,63.75,145.25,19.557142857142857,0.0,0.0,6,36.5,21.985714285714288
2023-06-23,338.88,10.44,18.18,5.0,19.25,0.0,0.0,9.75,150.0,19.657142857142862,0.0,0.0,6,49.0,22.371428571428574
2023-06-24,338.66,10.54,18.28,3.0,21.25,0.0,0.0,12.75,153.0,19.621428571428574,0.0,0.0,6,46.5,22.528571428571432
2023-06-25,338.38,8.64,17.67,0.0,21.05,0.0,0.0,8.5,145.5,19.864285714285717,0.0,0.0,6,46.5,22.75714285714286
2023-06-26,338.11,7.6,16.25,0.0,22.25,0.0,0.0,8.5,145.25,20.428571428571434,0.0,0.0,6,53.5,22.642857142857142
2023-06-27,337.83,7.4,16.23,14.0,22.8,0.0,0.0,22.5,155.0,20.87857142857143,0.0,0.0,6,39.5,22.485714285714288
2023-06-28,337.69,27.93,16.26,12.25,24.4,0.0,0.0,34.75,160.0,21.47857142857143,0.0,0.0,6,29.0,22.035714285714285
2023-06-29,338.22,23.35,16.25,2.25,22.9,0.0,0.0,36.5,161.75,21.985714285714288,0.0,0.0,6,28.0,22.32857142857143
2023-06-30,338.34,21.1,16.26,17.5,21.95,0.0,0.0,49.0,179.25,22.371428571428574,0.0,0.0,6,10.5,22.664285714285715
2023-07-01,338.46,16.96,16.96,0.5,22.35,0.0,0.0,46.5,179.75,22.528571428571432,0.0,0.0,7,12.0,22.657142857142862
2023-07-02,338.37,12.48,17.0,0.0,22.65,0.0,0.0,46.5,166.0,22.75714285714286,0.0,0.0,7,17.75,22.807142857142857
2023-07-03,338.24,12.37,16.24,7.0,21.45,0.0,0.0,53.5,168.75,22.642857142857142,0.0,0.0,7,11.0,23.271428571428572
2023-07-04,338.07,9.82,16.21,0.0,21.700000000000003,0.0,0.0,39.5,166.0,22.485714285714288,0.0,0.0,7,13.75,23.82857142857143
2023-07-05,337.86,8.64,16.21,1.75,21.25,0.0,0.0,29.0,166.5,22.035714285714285,0.0,0.0,7,22.5,24.157142857142855
2023-07-06,337.62,8.97,16.54,1.25,24.950000000000003,0.0,0.0,28.0,167.75,22.32857142857143,0.0,0.0,7,22.25,23.942857142857147
2023-07-07,337.35,7.29,16.44,0.0,24.299999999999997,0.0,0.0,10.5,167.5,22.664285714285715,0.0,0.0,7,25.75,23.72142857142857
2023-07-08,337.08,7.04,12.38,2.0,22.3,0.0,0.0,12.0,169.5,22.657142857142862,0.0,0.0,7,123.25,23.71428571428572
2023-07-09,336.99,7.01,12.87,5.75,23.7,0.0,0.0,17.75,158.75,22.807142857142857,0.0,0.0,7,157.75,23.807142857142857
2023-07-10,336.64,6.82,19.78,0.25,24.7,0.0,0.0,11.0,159.0,23.271428571428572,0.0,0.0,7,160.75,23.900000000000002
2023-07-11,336.18,7.83,21.36,2.75,25.6,0.0,0.0,13.75,161.25,23.82857142857143,0.0,0.0,7,269.0,23.57857142857143
2023-07-12,335.84,11.65,21.32,10.5,23.55,0.0,0.0,22.5,171.5,24.157142857142855,0.0,0.0,7,277.0,23.37857142857143
2023-07-13,335.45,8.2,21.2,1.0,23.450000000000003,0.0,0.0,22.25,167.75,23.942857142857147,0.0,0.0,7,284.5,23.185714285714287
2023-07-14,335.01,7.79,20.63,3.5,22.75,0.0,0.0,25.75,169.0,23.72142857142857,0.0,0.0,7,281.0,23.1
2023-07-15,335.01,35.51,14.81,99.5,22.25,0.0,0.0,123.25,253.5,23.71428571428572,0.0,0.0,7,181.5,23.32857142857143
2023-07-16,336.75,82.08,14.42,40.25,24.35,0.0,0.0,157.75,234.75,23.807142857142857,0.0,0.0,7,141.25,23.400000000000002
2023-07-17,337.98,36.7,21.16,3.25,25.35,0.0,0.0,160.75,238.0,23.900000000000002,0.0,0.0,7,138.0,23.5
2023-07-18,338.51,52.16,22.13,111.0,23.35,0.0,0.0,269.0,344.75,23.57857142857143,0.0,0.0,7,27.0,24.03571428571429
2023-07-19,339.45,43.66,21.9,18.5,22.15,0.0,0.0,277.0,363.25,23.37857142857143,0.0,0.0,7,8.5,24.63571428571429
2023-07-20,340.05,38.89,22.28,8.5,22.1,0.0,0.0,284.5,371.75,23.185714285714287,0.0,0.0,7,0.0,25.28571428571429
2023-07-21,340.36,26.9,22.53,0.0,22.15,0.0,0.0,281.0,371.75,23.1,0.0,0.0,7,0.0,25.95714285714286
2023-07-22,340.36,19.2,22.56,0.0,23.85,0.0,0.0,181.5,371.25,23.32857142857143,0.0,0.0,7,0.0,26.45714285714286
2023-07-23,340.18,14.49,22.55,0.0,24.85,0.0,0.0,141.25,366.25,23.400000000000002,0.0,0.0,7,0.0,26.75714285714286
2023-07-24,339.91,12.43,21.99,0.0,26.05,0.0,0.0,138.0,363.25,23.5,0.0,0.0,7,2.0,26.82857142857143
2023-07-25,339.59,11.03,22.57,0.0,27.1,0.0,0.0,27.0,363.25,24.03571428571429,0.0,0.0,7,2.0,26.664285714285718
2023-07-26,339.21,9.37,22.52,0.0,26.35,0.0,0.0,8.5,363.25,24.63571428571429,0.0,0.0,7,2.0,26.650000000000002
2023-07-27,338.81,9.24,22.47,0.0,26.65,0.0,0.0,0.0,349.25,25.28571428571429,0.0,0.0,7,2.0,26.685714285714287
2023-07-28,338.38,8.23,22.42,0.0,26.85,0.0,0.0,0.0,337.0,25.95714285714286,0.0,0.0,7,2.0,26.80714285714286
2023-07-29,337.94,7.77,22.35,0.0,27.35,0.0,0.0,0.0,334.75,26.45714285714286,0.0,0.0,7,2.0,26.914285714285715
2023-07-30,337.47,7.48,22.31,0.0,26.95,0.0,0.0,0.0,317.25,26.75714285714286,0.0,0.0,7,2.5,26.921428571428574
2023-07-31,336.98,6.7,22.25,2.0,26.549999999999997,0.0,0.0,2.0,318.75,26.82857142857143,0.0,0.0,7,0.5,27.08571428571429
2023-08-01,336.48,6.76,22.19,0.0,25.950000000000003,0.0,0.0,2.0,318.75,26.664285714285718,0.0,0.0,8,0.5,27.371428571428574
2023-08-02,335.97,5.98,22.11,0.0,26.25,0.0,0.0,2.0,311.75,26.650000000000002,0.0,0.0,8,2.0,27.6
2023-08-03,335.43,5.73,22.06,0.0,26.9,0.0,0.0,2.0,311.75,26.685714285714287,0.0,0.0,8,2.0,27.742857142857144
2023-08-04,334.89,5.46,21.21,0.0,27.7,0.0,0.0,2.0,310.0,26.80714285714286,0.0,0.0,8,2.0,27.700000000000006
2023-08-05,334.36,5.37,21.06,0.0,28.1,0.0,0.0,2.0,308.75,26.914285714285715,0.0,0.0,8,68.75,27.064285714285717
2023-08-06,333.83,5.31,20.98,0.5,27.0,0.0,0.0,2.5,309.25,26.921428571428574,0.0,0.0,8,68.25,27.071428571428577
2023-08-07,333.28,5.16,21.64,0.0,27.7,0.0,0.0,0.5,307.25,27.08571428571429,0.0,0.0,8,87.75,26.907142857142855
2023-08-08,332.7,5.15,21.62,0.0,27.950000000000003,0.0,0.0,0.5,301.5,27.371428571428574,0.0,0.0,8,91.5,26.735714285714288
2023-08-09,332.11,5.29,21.63,1.5,27.85,0.0,0.0,2.0,302.75,27.6,0.0,0.0,8,91.0,26.70714285714286
2023-08-10,331.55,5.48,21.06,0.0,27.9,0.0,0.0,2.0,300.0,27.742857142857144,0.0,0.0,8,93.75,26.571428571428573
2023-08-11,331.02,5.82,19.83,0.0,27.4,0.0,0.0,2.0,289.5,27.700000000000006,0.0,0.0,8,107.0,26.485714285714288
2023-08-12,330.72,30.46,19.79,66.75,23.65,0.0,0.0,68.75,355.25,27.064285714285717,0.0,0.0,8,49.0,26.97142857142857
2023-08-13,331.32,25.49,19.93,0.0,27.049999999999997,0.0,0.0,68.25,351.75,27.071428571428577,0.0,0.0,8,49.0,27.028571428571432
2023-08-14,331.35,20.23,19.95,19.5,26.549999999999997,0.0,0.0,87.75,271.75,26.907142857142855,0.0,0.0,8,31.5,27.13571428571429
2023-08-15,331.5,24.97,19.96,3.75,26.75,0.0,0.0,91.5,235.25,26.735714285714288,0.0,0.0,8,27.75,27.321428571428573
2023-08-16,331.9,37.86,19.98,1.0,27.65,0.0,0.0,91.0,233.0,26.70714285714286,0.0,0.0,8,26.75,27.428571428571434
2023-08-17,332.34,26.88,20.06,2.75,26.95,0.0,0.0,93.75,124.75,26.571428571428573,0.0,0.0,8,24.0,27.614285714285717
2023-08-18,332.52,30.02,20.08,13.25,26.8,0.0,0.0,107.0,119.5,26.485714285714288,0.0,0.0,8,10.75,27.8
2023-08-19,332.94,28.96,20.14,8.75,27.049999999999997,0.0,0.0,49.0,119.75,26.97142857142857,0.0,0.0,8,2.0,27.914285714285718
2023-08-20,333.14,21.4,18.79,0.0,27.450000000000003,0.0,0.0,49.0,119.75,27.028571428571432,0.0,0.0,8,2.0,27.72857142857143
2023-08-21,333.24,19.04,14.11,2.0,27.3,0.0,0.0,31.5,121.75,27.13571428571429,0.0,0.0,8,15.75,27.571428571428577
2023-08-22,333.38,14.12,13.25,0.0,28.05,0.0,0.0,27.75,121.75,27.321428571428573,0.0,0.0,8,15.75,27.335714285714285
2023-08-23,333.36,11.78,13.23,0.0,28.4,0.0,0.0,26.75,121.75,27.428571428571434,0.0,0.0,8,15.75,27.12857142857143
2023-08-24,333.28,10.32,13.22,0.0,28.25,0.0,0.0,24.0,121.75,27.614285714285717,0.0,0.0,8,15.75,27.06428571428572
2023-08-25,333.17,9.45,13.22,0.0,28.1,0.0,0.0,10.75,121.75,27.8,0.0,0.0,8,15.75,26.871428571428574
2023-08-26,332.99,8.53,14.8,0.0,27.85,0.0,0.0,2.0,121.75,27.914285714285718,0.0,0.0,8,16.0,26.342857142857145
2023-08-27,332.75,7.43,14.81,0.0,26.15,0.0,0.0,2.0,121.75,27.72857142857143,0.0,0.0,8,16.0,26.271428571428572
2023-08-28,332.5,6.73,13.26,15.75,26.2,0.0,0.0,15.75,137.5,27.571428571428577,0.0,0.0,8,2.0,26.114285714285717
2023-08-29,332.26,6.12,13.22,0.0,26.4,0.0,0.0,15.75,137.5,27.335714285714285,0.0,0.0,8,17.0,25.985714285714288
2023-08-30,332.01,5.95,13.22,0.0,26.950000000000003,0.0,0.0,15.75,135.5,27.12857142857143,0.0,0.0,8,21.0,25.55714285714286
2023-08-31,331.74,5.4,13.19,0.0,27.8,0.0,0.0,15.75,135.5,27.06428571428572,0.0,0.0,8,21.0,24.921428571428574
2023-09-01,331.45,5.13,13.2,0.0,26.75,0.0,0.0,15.75,135.5,26.871428571428574,0.0,0.0,9,23.0,24.25714285714286
2023-09-02,331.13,5.04,14.71,0.25,24.15,0.0,0.0,16.0,135.75,26.342857142857145,0.0,0.0,9,30.75,24.321428571428573
2023-09-03,330.78,4.88,14.68,0.0,25.65,0.0,0.0,16.0,135.75,26.271428571428572,0.0,0.0,9,30.75,24.371428571428574
2023-09-04,330.45,6.12,13.2,1.75,25.1,0.0,0.0,2.0,137.5,26.114285714285717,0.0,0.0,9,29.0,24.47857142857143
2023-09-05,330.28,9.11,13.19,15.0,25.5,0.0,0.0,17.0,152.0,25.985714285714288,0.0,0.0,9,29.25,24.435714285714287
2023-09-06,330.07,7.53,13.18,4.0,23.95,0.0,0.0,21.0,156.0,25.55714285714286,0.0,0.0,9,26.75,24.53571428571429
2023-09-07,329.85,6.0,13.15,0.0,23.35,0.0,0.0,21.0,156.0,24.921428571428574,0.0,0.0,9,36.75,24.750000000000004
2023-09-08,329.56,6.42,13.04,2.0,22.1,0.0,0.0,23.0,156.5,24.25714285714286,0.0,0.0,9,36.0,25.08571428571429
2023-09-09,329.65,21.02,14.4,8.0,24.6,0.0,0.0,30.75,164.5,24.321428571428573,0.0,0.0,9,29.25,24.821428571428573
2023-09-10,329.65,10.45,14.42,0.0,26.0,0.0,0.0,30.75,164.5,24.371428571428574,0.0,0.0,9,32.5,24.542857142857144
2023-09-11,329.53,7.81,7.28,0.0,25.85,0.0,0.0,29.0,97.75,24.47857142857143,0.0,0.0,9,34.25,24.50714285714286
2023-09-12,329.66,9.2,3.9,15.25,25.200000000000003,0.0,0.0,29.25,113.0,24.435714285714287,0.0,0.0,9,41.0,24.335714285714285
2023-09-13,329.88,8.68,3.91,1.5,24.65,0.0,0.0,26.75,95.0,24.53571428571429,0.0,0.0,9,42.0,24.042857142857144
2023-09-14,330.02,7.1,3.91,10.0,24.85,0.0,0.0,36.75,101.25,24.750000000000004,0.0,0.0,9,54.25,23.271428571428572
2023-09-15,330.16,7.72,3.91,1.25,24.45,0.0,0.0,36.0,101.5,25.08571428571429,0.0,0.0,9,54.0,22.6
2023-09-16,330.19,6.99,8.89,1.25,22.75,0.0,0.0,29.25,100.0,24.821428571428573,0.0,0.0,9,52.75,21.88571428571429
2023-09-17,330.11,6.65,9.09,3.25,24.049999999999997,0.0,0.0,32.5,90.0,24.542857142857144,0.0,0.0,9,49.5,20.81428571428572
2023-09-18,330.01,6.41,9.06,1.75,25.6,0.0,0.0,34.25,83.0,24.50714285714286,0.0,0.0,9,47.75,19.657142857142862
2023-09-19,329.99,5.84,3.99,22.0,24.0,0.0,0.0,41.0,105.0,24.335714285714285,0.0,0.0,9,26.25,19.021428571428572
2023-09-20,330.07,5.87,3.99,2.5,22.6,0.0,0.0,42.0,105.5,24.042857142857144,0.0,0.0,9,39.75,18.63571428571429
2023-09-21,330.15,7.24,3.97,22.25,19.450000000000003,0.0,0.0,54.25,127.75,23.271428571428572,0.0,0.0,9,41.25,18.70714285714286
2023-09-22,330.33,8.86,3.96,1.0,19.75,0.0,0.0,54.0,128.75,22.6,0.0,0.0,9,42.75,18.6
2023-09-23,330.36,6.63,8.81,0.0,17.75,0.0,0.0,52.75,128.75,21.88571428571429,0.0,0.0,9,44.75,18.292857142857144
2023-09-24,330.26,5.51,8.78,0.0,16.55,0.0,0.0,49.5,128.75,20.81428571428572,0.0,0.0,9,52.5,18.58571428571429
2023-09-25,330.22,5.09,4.0,0.0,17.5,0.0,0.0,47.75,128.75,19.657142857142862,0.0,0.0,9,54.25,18.47142857142857
2023-09-26,330.26,4.81,3.99,0.5,19.549999999999997,0.0,0.0,26.25,129.25,19.021428571428572,0.0,0.0,9,54.0,18.021428571428576
2023-09-27,330.34,7.58,5.13,16.0,19.9,0.0,0.0,39.75,129.5,18.63571428571429,0.0,0.0,9,38.0,17.621428571428574
2023-09-28,330.59,20.55,5.31,23.75,19.95,0.0,0.0,41.25,153.25,18.70714285714286,0.0,0.0,9,45.5,16.864285714285717
2023-09-29,331.12,14.19,4.54,2.5,19.0,0.0,0.0,42.75,155.75,18.6,0.0,0.0,9,77.25,16.021428571428572
2023-09-30,331.31,10.08,8.69,2.0,15.6,0.0,0.0,44.75,157.75,18.292857142857144,0.0,0.0,9,82.0,15.750000000000002
2023-10-01,331.34,9.54,8.71,7.75,18.6,0.0,0.0,52.5,165.5,18.58571428571429,0.0,0.0,10,74.25,14.907142857142858
2023-10-02,331.43,8.45,4.0,1.75,16.7,0.0,0.0,54.25,167.0,18.47142857142857,0.0,0.0,10,72.5,14.421428571428574
2023-10-03,331.57,7.3,3.96,0.25,16.4,0.0,0.0,54.0,167.25,18.021428571428576,0.0,0.0,10,87.5,14.23571428571429
2023-10-04,331.69,6.73,3.95,0.0,17.1,0.0,0.0,38.0,165.5,17.621428571428574,0.0,0.0,10,87.5,13.65714285714286
2023-10-05,331.83,12.84,3.94,31.25,14.65,0.0,0.0,45.5,181.75,16.864285714285717,0.0,0.0,10,56.5,13.23571428571429
2023-10-06,332.78,43.6,3.92,34.25,13.100000000000001,0.0,0.0,77.25,212.0,16.021428571428572,0.0,0.0,10,22.25,13.242857142857146
2023-10-07,334.19,45.88,8.68,6.75,13.7,0.0,0.0,82.0,218.75,15.750000000000002,0.0,0.0,10,15.5,13.250000000000002
2023-10-08,335.01,23.86,8.67,0.0,12.7,0.0,0.0,74.25,216.75,14.907142857142858,0.0,0.0,10,21.5,13.085714285714289
2023-10-09,335.36,16.57,8.71,0.0,13.3,0.0,0.0,72.5,208.75,14.421428571428574,0.0,0.0,10,31.75,13.257142857142858
2023-10-10,335.7,16.31,3.91,15.25,15.100000000000001,0.0,0.0,87.5,224.0,14.23571428571429,0.0,0.0,10,22.75,12.892857142857144
2023-10-11,336.05,12.74,3.9,0.0,13.05,0.0,0.0,87.5,224.0,13.65714285714286,0.0,0.0,10,22.75,12.871428571428572
2023-10-12,336.29,10.38,3.9,0.25,11.7,0.0,0.0,56.5,209.0,13.23571428571429,0.0,0.0,10,23.0,13.150000000000002
2023-10-13,336.48,9.14,3.89,0.0,13.15,0.0,0.0,22.25,207.5,13.242857142857146,0.0,0.0,10,33.25,13.292857142857146
2023-10-14,336.56,8.65,8.96,0.0,13.75,0.0,0.0,15.5,197.5,13.250000000000002,0.0,0.0,10,47.25,12.542857142857146
2023-10-15,336.55,8.89,8.89,6.0,11.55,0.0,0.0,21.5,202.25,13.085714285714289,0.0,0.0,10,45.25,12.150000000000004
2023-10-16,336.63,8.54,3.91,10.25,14.5,0.0,0.0,31.75,211.25,13.257142857142858,0.0,0.0,10,40.0,11.692857142857145
2023-10-17,336.79,8.85,3.91,6.25,12.55,0.0,0.0,22.75,214.25,12.892857142857144,0.0,0.0,10,33.75,11.235714285714286
2023-10-18,336.92,7.28,3.88,0.0,12.9,0.0,0.0,22.75,212.5,12.871428571428572,0.0,0.0,10,33.75,10.964285714285719
2023-10-19,337.02,6.66,3.88,0.5,13.65,0.0,0.0,23.0,191.0,13.150000000000002,0.0,0.0,10,33.25,10.750000000000002
2023-10-20,337.1,6.41,3.89,10.25,14.15,0.0,0.0,33.25,198.75,13.292857142857146,0.0,0.0,10,23.25,10.321428571428573
2023-10-21,337.16,12.47,9.0,14.0,8.5,0.0,0.0,47.25,190.5,12.542857142857146,0.0,0.0,10,9.5,10.885714285714288
2023-10-22,337.42,17.77,8.94,4.0,8.8,0.0,0.0,45.25,193.5,12.150000000000004,0.0,0.0,10,6.5,11.514285714285718
2023-10-23,337.82,20.0,3.91,5.0,11.3,0.0,0.0,40.0,198.5,11.692857142857145,0.0,0.0,10,1.5,11.435714285714287
2023-10-24,338.19,12.57,3.88,0.0,9.35,0.0,0.0,33.75,198.5,11.235714285714286,0.0,0.0,10,1.5,11.742857142857146
2023-10-25,338.42,10.32,3.87,0.0,11.0,0.0,0.0,33.75,198.5,10.964285714285719,0.0,0.0,10,1.5,11.892857142857144
2023-10-26,338.59,8.71,3.87,0.0,12.149999999999999,0.0,0.0,33.25,198.0,10.750000000000002,0.0,0.0,10,6.5,12.092857142857145
2023-10-27,338.73,8.05,3.86,0.25,11.149999999999999,0.0,0.0,23.25,182.25,10.321428571428573,0.0,0.0,10,6.25,12.40714285714286
2023-10-28,338.77,7.73,9.02,0.25,12.45,0.0,0.0,9.5,158.75,10.885714285714288,0.0,0.0,10,9.75,12.321428571428573
2023-10-29,338.73,7.45,9.06,1.0,13.2,0.0,0.0,6.5,157.25,11.514285714285718,0.0,0.0,10,8.75,12.02857142857143
2023-10-30,338.74,6.47,3.89,0.0,10.75,0.0,0.0,1.5,155.25,11.435714285714287,0.0,0.0,10,10.75,12.707142857142859
2023-10-31,338.81,5.8,3.86,0.0,11.5,0.0,0.0,1.5,147.5,11.742857142857146,0.0,0.0,10,23.75,13.200000000000001
2023-11-01,338.87,5.47,3.86,0.0,12.05,0.0,0.0,1.5,145.75,11.892857142857144,0.0,0.0,11,24.25,12.850000000000003
2023-11-02,338.94,6.13,3.87,5.0,13.55,0.0,0.0,6.5,150.5,12.092857142857145,0.0,0.0,11,19.25,12.214285714285717
2023-11-03,338.94,5.28,6.89,0.0,13.350000000000001,0.0,0.0,6.25,150.5,12.40714285714286,0.0,0.0,11,25.75,11.664285714285715
2023-11-04,338.88,5.26,6.87,3.75,11.850000000000001,0.0,0.0,9.75,123.0,12.321428571428573,0.0,0.0,11,23.0,10.8
2023-11-05,338.83,4.91,6.85,0.0,11.149999999999999,0.0,0.0,8.75,88.75,12.02857142857143,0.0,0.0,11,25.0,9.721428571428575
2023-11-06,338.81,4.85,3.88,2.0,15.5,0.0,0.0,10.75,84.0,12.707142857142859,0.0,0.0,11,35.0,7.885714285714287
2023-11-07,338.86,6.19,3.93,13.0,14.95,0.0,0.0,23.75,97.0,13.200000000000001,0.0,0.0,11,29.25,6.5500000000000025
2023-11-08,338.95,6.51,3.93,0.5,9.6,0.0,0.0,24.25,97.5,12.850000000000003,0.0,0.0,11,28.75,5.900000000000003
2023-11-09,339.01,5.56,3.95,0.0,9.1,0.0,0.0,19.25,82.25,12.214285714285717,0.0,0.0,11,28.75,5.564285714285717
2023-11-10,339.05,5.57,3.95,6.5,9.5,0.0,0.0,25.75,88.75,11.664285714285715,0.0,0.0,11,41.0,5.692857142857145
2023-11-11,339.13,6.51,3.87,1.0,5.800000000000001,0.0,0.0,23.0,89.5,10.8,0.0,0.0,11,60.0,5.664285714285716
2023-11-12,339.2,6.18,3.87,2.0,3.5999999999999996,0.0,0.0,25.0,91.5,9.721428571428575,0.0,0.0,11,71.5,6.442857142857145
2023-11-13,339.27,6.51,3.87,12.0,2.65,0.0,0.0,35.0,103.5,7.885714285714287,0.0,0.0,11,83.0,6.9928571428571455
2023-11-14,339.4,9.46,3.86,7.25,5.6,0.0,0.0,29.25,104.75,6.5500000000000025,0.0,0.0,11,75.75,7.235714285714288
2023-11-15,339.57,9.46,3.86,0.0,5.05,0.0,0.0,28.75,94.5,5.900000000000003,0.0,0.0,11,75.75,7.4928571428571455
2023-11-16,339.73,9.14,3.87,0.0,6.75,0.0,0.0,28.75,88.25,5.564285714285717,0.0,0.0,11,81.25,7.5500000000000025
2023-11-17,340.24,39.33,3.87,18.75,10.4,0.0,0.0,41.0,107.0,5.692857142857145,0.0,0.0,11,83.0,7.007142857142859
2023-11-18,341.32,31.16,3.86,20.0,5.6,0.0,0.0,60.0,126.5,5.664285714285716,0.0,0.0,11,78.0,6.214285714285716
2023-11-19,342.03,27.38,3.86,13.5,9.05,0.0,0.0,71.5,129.75,6.442857142857145,0.0,0.0,11,65.25,5.235714285714288
2023-11-20,342.96,46.32,3.83,23.5,6.5,0.0,0.0,83.0,139.25,6.9928571428571455,0.0,0.0,11,44.75,4.814285714285717
2023-11-21,343.91,31.25,11.83,0.0,7.300000000000001,0.0,0.0,75.75,135.25,7.235714285714288,0.0,0.0,11,70.5,4.464285714285716
2023-11-22,344.14,21.19,17.86,0.0,6.85,0.0,0.0,75.75,130.25,7.4928571428571455,0.0,0.0,11,94.5,3.5642857142857163
2023-11-23,344.17,16.38,17.86,5.5,7.15,0.0,0.0,81.25,135.75,7.5500000000000025,0.0,0.0,11,100.5,2.507142857142859
2023-11-24,344.26,28.58,17.85,20.5,6.6,0.5,0.5,83.0,156.25,7.007142857142859,0.016666666666666666,0.5,11,84.75,1.6428571428571448
2023-11-25,344.55,24.52,17.86,15.0,0.050000000000000044,20.5,20.5,78.0,171.25,6.214285714285716,0.7,21.0,11,71.75,1.7785714285714305
2023-11-26,344.61,17.49,17.86,0.75,2.2,14.0,0.0,65.25,171.75,5.235714285714288,1.1666666666666667,21.0,11,73.25,1.592857142857145
2023-11-27,344.59,17.86,17.86,3.0,3.55,7.0,0.0,44.75,174.5,4.814285714285717,1.4,21.0,11,70.25,1.3857142857142877
2023-11-28,344.73,35.26,17.87,25.75,4.85,1.0,0.0,70.5,199.25,4.464285714285716,1.4333333333333333,21.0,11,44.5,1.0071428571428593
2023-11-29,345.37,36.2,17.71,24.0,0.55,22.0,22.0,94.5,223.25,3.5642857142857163,2.1666666666666665,43.0,11,20.5,1.2642857142857165
2023-11-30,345.66,23.37,17.67,11.5,-0.25000000000000006,30.0,9.5,100.5,234.75,2.507142857142859,3.1666666666666665,52.5,11,23.75,1.7642857142857165
2023-12-01,345.71,17.06,17.82,4.75,0.55,30.0,4.0,84.75,239.5,1.6428571428571448,4.166666666666667,56.0,12,19.0,2.535714285714288
2023-12-02,345.66,14.67,17.72,2.0,1.0,30.5,2.0,71.75,236.5,1.7785714285714305,5.183333333333334,37.5,12,19.25,3.214285714285716
2023-12-03,345.54,12.32,17.61,2.25,0.9,25.0,0.5,73.25,238.75,1.592857142857145,6.016666666666667,38.0,12,17.25,4.135714285714288
2023-12-04,345.38,11.21,17.63,0.0,2.1,21.0,0.0,70.25,235.0,1.3857142857142877,6.716666666666667,38.0,12,17.25,4.357142857142859
2023-12-05,345.21,10.89,17.68,0.0,2.2,16.0,0.0,44.5,235.0,1.0071428571428593,7.25,38.0,12,35.5,4.492857142857145
2023-12-06,345.02,11.35,17.68,0.0,2.35,13.0,0.0,20.5,233.0,1.2642857142857165,7.683333333333334,16.0,12,38.0,4.571428571428574
2023-12-07,344.89,16.57,17.68,14.75,3.25,10.5,0.0,23.75,234.75,1.7642857142857165,8.033333333333333,6.5,12,23.25,4.47857142857143
2023-12-08,344.93,18.09,17.72,0.0,5.95,7.5,0.0,19.0,234.25,2.535714285714288,8.283333333333333,2.5,12,68.75,3.857142857142859
2023-12-09,344.92,18.48,17.74,2.25,5.75,5.0,0.0,19.25,236.5,3.214285714285716,8.45,0.5,12,91.25,3.7642857142857165
2023-12-10,345.17,32.03,17.78,0.25,7.35,2.0,0.0,17.25,230.25,4.135714285714288,8.516666666666667,0.0,12,105.25,2.642857142857145
2023-12-11,345.41,21.89,17.74,0.0,3.6500000000000004,0.0,0.0,17.25,229.25,4.357142857142859,8.516666666666667,0.0,12,108.5,1.7285714285714306
2023-12-12,345.54,25.75,17.81,18.25,3.15,0.0,0.0,35.5,245.5,4.492857142857145,8.516666666666667,0.0,12,90.5,1.0214285714285734
2023-12-13,345.72,21.52,18.08,2.5,2.9000000000000004,0.0,0.0,38.0,236.0,4.571428571428574,8.516666666666667,0.0,12,89.25,0.3071428571428591
2023-12-14,345.72,16.5,18.03,0.0,2.5999999999999996,0.0,0.0,23.25,228.75,4.47857142857143,8.516666666666667,0.0,12,89.25,-0.6071428571428551
2023-12-15,345.71,30.97,17.97,45.5,1.6,0.0,0.0,68.75,274.25,3.857142857142859,8.516666666666667,0.0,12,47.5,-1.199999999999998
2023-12-16,346.92,86.81,27.33,24.75,5.1,0.0,0.0,91.25,299.0,3.7642857142857165,8.516666666666667,0.0,12,23.5,-2.2428571428571407
2023-12-17,347.86,55.75,38.85,14.25,-0.49999999999999994,14.0,15.0,105.25,294.5,2.642857142857145,8.983333333333333,15.0,12,12.5,-2.214285714285712
2023-12-18,347.91,33.02,39.86,3.25,-2.75,15.5,4.5,108.5,277.75,1.7285714285714306,9.5,19.5,12,14.5,-1.9428571428571408
2023-12-19,347.62,21.75,35.83,0.25,-1.8,14.0,0.5,90.5,264.5,1.0214285714285734,9.966666666666667,20.0,12,29.75,-1.4428571428571406
2023-12-20,347.27,17.19,31.27,1.25,-2.1,11.0,0.5,89.25,242.25,0.3071428571428591,10.333333333333334,20.5,12,29.0,-0.9357142857142835
2023-12-21,346.93,14.84,27.36,0.0,-3.8,9.0,0.5,89.25,242.25,-0.6071428571428551,10.633333333333333,21.0,12,29.25,-0.1142857142857121
2023-12-22,346.62,12.47,24.18,3.75,-2.55,14.0,8.5,47.5,246.0,-1.199999999999998,11.1,29.5,12,26.5,0.5571428571428593
2023-12-23,346.36,12.08,21.84,0.75,-2.2,14.0,1.5,23.5,241.25,-2.2428571428571407,11.566666666666666,31.0,12,26.0,1.292857142857145
2023-12-24,346.11,10.63,19.93,3.25,-0.30000000000000004,14.0,4.0,12.5,224.0,-2.214285714285712,12.016666666666667,20.0,12,23.25,1.7214285714285735
2023-12-25,345.88,10.18,18.59,5.25,-0.85,18.0,7.0,14.5,214.25,-1.9428571428571408,11.933333333333334,22.5,12,18.25,2.1071428571428594
2023-12-26,345.66,10.88,17.74,15.5,1.7000000000000002,19.5,2.5,29.75,229.0,-1.4428571428571406,12.116666666666667,24.5,12,3.75,2.035714285714288
2023-12-27,345.49,9.33,17.63,0.5,1.4500000000000002,13.5,1.5,29.0,226.5,-0.9357142857142835,12.333333333333334,25.5,12,8.5,2.350000000000002
2023-12-28,345.26,9.34,17.64,0.25,1.9500000000000002,12.0,0.5,29.25,201.0,-0.1142857142857121,12.7,25.5,12,9.75,2.3714285714285737
2023-12-29,345.02,8.33,17.64,1.0,2.15,10.5,0.0,26.5,178.0,0.5571428571428593,12.316666666666666,17.0,12,15.5,2.5285714285714307
2023-12-30,344.77,8.37,17.62,0.25,2.95,8.5,0.5,26.0,166.75,1.292857142857145,11.6,16.0,12,17.25,2.642857142857145
2023-12-31,344.52,8.36,17.61,0.5,2.7,7.0,0.0,23.25,162.5,1.7214285714285735,10.833333333333334,12.0,12,20.75,2.2642857142857165
2024-01-01,344.31,10.57,17.6,0.25,1.8499999999999999,6.0,0.0,18.25,160.75,2.1071428571428594,10.016666666666667,5.0,1,24.5,1.7785714285714307
2024-01-02,344.08,8.46,17.59,1.0,1.2000000000000002,5.5,0.0,3.75,159.5,2.035714285714288,9.366666666666667,2.5,1,35.25,1.792857142857145
2024-01-03,343.83,8.96,17.58,5.25,3.65,0.0,0.0,8.5,164.75,2.350000000000002,8.666666666666666,1.0,1,36.75,1.1428571428571448
2024-01-04,343.59,8.59,17.57,1.5,2.1,0.0,0.0,9.75,166.25,2.3714285714285737,8.133333333333333,0.5,1,35.25,0.24285714285714505
2024-01-05,343.4,9.63,11.79,6.75,3.25,0.0,0.0,15.5,173.0,2.5285714285714307,7.7,0.5,1,42.75,-0.4714285714285693
2024-01-06,343.49,13.38,8.35,2.0,3.75,0.0,0.0,17.25,160.25,2.642857142857145,7.35,0.0,1,43.0,-1.207142857142855
2024-01-07,343.6,10.86,8.35,4.0,0.050000000000000044,0.0,0.0,20.75,164.25,2.2642857142857165,7.1,0.0,1,43.0,-1.157142857142855
2024-01-08,343.64,9.42,8.34,4.0,-1.55,0.0,0.0,24.5,166.0,1.7785714285714307,6.933333333333334,0.0,1,50.25,-1.3428571428571405
2024-01-09,343.64,8.38,8.74,11.75,1.3,16.0,4.5,35.25,177.5,1.792857142857145,7.4,4.5,1,41.75,-2.107142857142855
2024-01-10,343.63,7.91,8.99,6.75,-0.9000000000000001,24.0,8.0,36.75,184.25,1.1428571428571448,8.2,12.5,1,35.0,-1.5785714285714263
2024-01-11,343.58,7.19,8.99,0.0,-4.2,21.5,0.5,35.25,166.0,0.24285714285714505,8.916666666666666,13.0,1,39.75,-0.5642857142857121
2024-01-12,343.54,7.54,8.98,14.25,-1.75,31.5,15.0,42.75,177.75,-0.4714285714285693,9.966666666666667,28.0,1,25.5,-0.06428571428571209
2024-01-13,343.49,6.81,8.97,2.25,-1.4,33.0,3.0,43.0,180.0,-1.207142857142855,11.066666666666666,31.0,1,23.25,0.21428571428571647
2024-01-14,343.42,6.81,8.97,4.0,0.39999999999999997,28.5,2.5,43.0,138.5,-1.157142857142855,12.016666666666667,33.5,1,53.0,0.45714285714285935
2024-01-15,343.39,6.8,7.16,11.25,-2.85,47.0,20.5,50.25,125.0,-1.3428571428571405,13.583333333333334,54.0,1,45.75,1.378571428571431
2024-01-16,343.4,6.79,6.07,3.25,-4.05,47.5,3.0,41.75,114.0,-2.107142857142855,14.7,52.5,1,50.25,2.185714285714288
2024-01-17,343.39,6.04,7.12,0.0,2.8000000000000003,40.0,0.0,35.0,110.75,-1.5785714285714263,15.516666666666667,44.5,1,61.75,1.628571428571431
2024-01-18,343.36,6.7,7.78,4.75,2.9000000000000004,31.0,0.0,39.75,115.25,-0.5642857142857121,16.083333333333332,44.0,1,59.75,0.992857142857145
2024-01-19,343.33,6.34,7.78,0.0,1.75,25.5,0.0,25.5,114.0,-0.06428571428571209,16.566666666666666,29.0,1,60.5,0.8571428571428593
2024-01-20,343.28,5.98,7.78,0.0,0.55,24.0,0.0,23.25,114.0,0.21428571428571647,17.066666666666666,26.0,1,61.25,0.9428571428571451
2024-01-21,343.32,17.12,7.78,33.75,2.1,24.0,1.0,53.0,144.0,0.45714285714285935,17.4,24.5,1,27.75,0.7642857142857166
2024-01-22,343.72,24.07,13.65,4.0,3.6,22.0,0.0,45.75,147.25,1.378571428571431,17.666666666666668,4.0,1,24.0,0.4000000000000022
2024-01-23,343.88,21.05,17.46,7.75,1.6,24.0,4.5,50.25,151.75,2.185714285714288,18.0,5.5,1,17.0,0.4642857142857165
2024-01-24,343.88,15.31,17.47,11.5,-1.1,37.0,14.5,61.75,158.0,1.628571428571431,18.633333333333333,20.0,1,6.0,0.992857142857145
2024-01-25,343.76,11.41,17.52,2.75,-1.55,42.5,7.0,59.75,145.25,0.992857142857145,19.4,27.0,1,7.25,1.171428571428574
2024-01-26,343.56,9.3,17.56,0.75,0.7999999999999999,38.5,1.5,60.5,145.5,0.8571428571428593,20.233333333333334,28.5,1,7.0,0.8071428571428595
2024-01-27,343.37,8.75,12.34,0.75,1.15,34.0,0.5,61.25,146.0,0.9428571428571451,20.966666666666665,29.0,1,6.5,0.45714285714285935
2024-01-28,343.32,7.24,8.68,0.25,0.85,33.5,1.0,27.75,145.25,0.7642857142857166,21.733333333333334,29.0,1,6.25,0.5071428571428594
2024-01-29,343.29,6.87,8.31,0.25,1.05,31.0,0.0,24.0,145.25,0.4000000000000022,22.483333333333334,29.0,1,6.0,0.37857142857143083
2024-01-30,343.25,6.83,8.27,0.75,2.0500000000000003,28.5,0.5,17.0,145.5,0.4642857142857165,23.2,25.0,1,5.25,-0.09999999999999777
2024-01-31,343.2,6.47,8.27,0.5,2.6,26.5,0.0,6.0,145.75,0.992857142857145,23.883333333333333,10.5,1,5.0,-0.6142857142857121
2024-02-01,343.12,7.05,13.84,4.0,-0.29999999999999993,25.5,1.5,7.25,148.75,1.171428571428574,24.55,5.0,2,1.0,-0.4928571428571406
2024-02-02,342.84,7.3,17.46,0.5,-1.75,27.5,2.5,7.0,144.0,0.8071428571428595,25.466666666666665,6.0,2,0.5,-0.04999999999999776
2024-02-03,342.53,6.31,17.51,0.25,-1.3,28.0,3.5,6.5,142.75,0.45714285714285935,26.4,9.0,2,2.25,0.17142857142857368
2024-02-04,342.21,5.95,17.49,0.0,1.2,27.0,0.0,6.25,136.0,0.5071428571428594,27.3,8.0,2,6.75,0.04285714285714511
2024-02-05,341.88,6.17,17.49,0.0,0.14999999999999997,24.0,1.0,6.0,134.0,0.37857142857143083,28.1,9.0,2,6.75,0.02857142857143084
2024-02-06,341.55,5.82,17.48,0.0,-1.3,24.0,0.5,5.25,130.0,-0.09999999999999777,28.9,9.0,2,6.75,0.885714285714288
2024-02-07,341.2,5.54,17.52,0.25,-1.0,23.5,0.5,5.0,126.25,-0.6142857142857121,29.683333333333334,9.5,2,6.75,2.242857142857145
2024-02-08,340.85,5.71,17.47,0.0,0.55,23.5,2.0,1.0,114.5,-0.4928571428571406,29.933333333333334,10.0,2,20.75,3.2071428571428595
2024-02-09,340.49,5.15,17.58,0.0,1.35,23.0,0.5,0.5,107.75,-0.04999999999999776,29.9,8.0,2,24.5,3.064285714285717
2024-02-10,340.19,4.86,10.24,2.0,0.25,22.5,1.0,2.25,109.75,0.17142857142857368,29.933333333333334,5.5,2,22.5,3.0857142857142885
2024-02-11,340.14,4.85,5.86,4.5,0.30000000000000004,28.0,6.0,6.75,100.0,0.04285714285714511,29.816666666666666,11.5,2,18.0,3.614285714285717
2024-02-12,340.09,4.18,5.86,0.0,0.050000000000000044,26.0,0.5,6.75,97.75,0.02857142857143084,29.583333333333332,11.0,2,21.0,4.700000000000003
2024-02-13,340.05,4.44,5.43,0.0,4.7,24.0,0.0,6.75,93.75,0.885714285714288,29.433333333333334,10.5,2,23.25,4.664285714285717
2024-02-14,340.06,7.07,5.07,0.25,8.5,22.0,0.0,6.75,82.75,2.242857142857145,28.6,10.0,2,36.5,3.371428571428574
2024-02-15,340.27,20.54,5.08,14.0,7.300000000000001,19.5,0.0,20.75,93.5,3.2071428571428595,27.666666666666668,8.0,2,22.75,2.1000000000000028
2024-02-16,340.97,27.57,4.94,3.75,0.35,21.5,3.5,24.5,97.25,3.064285714285717,27.05,11.0,2,19.0,1.8357142857142885
2024-02-17,341.4,14.8,4.85,0.0,0.39999999999999997,20.5,0.5,22.5,92.5,3.0857142857142885,26.7,10.5,2,19.0,1.5857142857142885
2024-02-18,341.56,12.0,12.34,0.0,4.0,19.0,0.0,18.0,92.5,3.614285714285717,26.483333333333334,4.5,2,22.25,0.8285714285714312
2024-02-19,341.46,16.21,17.58,3.0,7.65,17.5,0.0,21.0,95.5,4.700000000000003,26.266666666666666,4.0,2,23.5,-0.08571428571428316
2024-02-20,341.74,35.79,17.61,2.25,4.45,15.5,0.0,23.25,64.0,4.664285714285717,25.983333333333334,4.0,2,22.0,-0.49999999999999745
2024-02-21,342.1,23.17,17.62,13.5,-0.5499999999999999,30.0,16.0,36.5,73.5,3.371428571428574,26.25,20.0,2,8.75,-0.11428571428571173
2024-02-22,342.14,15.3,17.4,0.25,-1.6,30.5,0.5,22.75,66.0,2.1000000000000028,26.466666666666665,20.5,2,8.5,0.5142857142857168
2024-02-23,342.02,11.53,17.38,0.0,-1.5,42.0,1.0,19.0,54.5,1.8357142857142885,26.633333333333333,18.0,2,23.25,0.9214285714285738
2024-02-24,341.83,10.27,17.47,0.0,-1.35,40.0,0.0,19.0,51.75,1.5857142857142885,26.55,17.5,2,35.5,0.6571428571428596
2024-02-25,341.59,9.27,17.5,3.25,-1.3,20.5,3.0,22.25,54.25,0.8285714285714312,25.95,20.5,2,49.0,0.5214285714285739
2024-02-26,341.34,8.23,17.49,4.25,1.25,24.5,4.0,23.5,57.75,-0.08571428571428316,25.633333333333333,24.5,2,55.75,0.05000000000000261
2024-02-27,341.07,7.98,17.49,0.75,1.55,19.5,1.5,22.0,58.25,-0.49999999999999745,25.166666666666668,26.0,2,55.75,-0.24285714285714027
2024-02-28,340.77,7.04,17.46,0.25,2.15,18.0,0.0,8.75,58.25,-0.11428571428571173,24.733333333333334,10.0,2,55.5,-0.4571428571428546
2024-02-29,340.54,6.76,9.11,0.0,2.8,18.0,0.0,8.5,57.5,0.5142857142857168,24.383333333333333,9.5,2,55.5,-0.9142857142857118
2024-03-01,340.54,8.07,11.77,14.75,1.35,23.5,8.5,23.25,71.75,0.9214285714285738,24.283333333333335,17.0,3,41.25,-1.128571428571426
2024-03-02,340.28,7.28,17.36,12.25,-3.2,45.0,25.0,35.5,80.0,0.6571428571428596,24.933333333333334,42.0,3,31.5,-0.9714285714285688
2024-03-03,340.02,6.96,12.61,16.75,-2.25,58.5,18.0,49.0,96.25,0.5214285714285739,25.966666666666665,57.0,3,15.5,-0.8499999999999973
2024-03-04,339.92,6.43,9.73,11.0,-2.05,66.0,16.0,55.75,107.0,0.05000000000000261,27.233333333333334,69.0,3,4.5,-0.27857142857142597
2024-03-05,339.78,6.15,11.75,0.75,-0.5,63.5,0.0,55.75,107.75,-0.24285714285714027,28.45,67.5,3,6.0,0.16428571428571687
2024-03-06,339.64,5.78,9.74,0.0,0.65,50.5,0.0,55.5,107.75,-0.4571428571428546,29.333333333333332,67.5,3,7.0,0.4000000000000026
2024-03-07,339.51,5.45,9.74,0.0,-0.4,41.5,0.0,55.5,107.75,-0.9142857142857118,29.916666666666668,67.5,3,35.5,0.7071428571428597
2024-03-08,339.38,5.12,9.73,0.5,-0.14999999999999997,39.0,3.0,41.25,108.0,-1.128571428571426,30.433333333333334,62.0,3,36.5,1.7571428571428598
2024-03-09,339.24,5.43,9.72,2.5,-2.1,41.5,8.0,31.5,110.5,-0.9714285714285688,31.033333333333335,45.0,3,34.0,2.721428571428574
2024-03-10,339.13,4.68,6.99,0.75,-1.4000000000000001,40.0,2.5,15.5,111.25,-0.8499999999999973,31.6,29.5,3,39.25,3.4500000000000024
2024-03-11,339.1,4.37,5.36,0.0,1.95,35.0,0.0,4.5,109.25,-0.27857142857142597,32.016666666666666,13.5,3,45.5,3.264285714285717
2024-03-12,339.07,4.79,5.76,2.25,2.6,31.0,0.5,6.0,107.0,0.16428571428571687,32.11666666666667,14.0,3,43.25,3.20714285714286
2024-03-13,339.04,4.73,5.38,1.0,2.3,30.0,1.5,7.0,108.0,0.4000000000000026,32.25,15.5,3,49.25,2.8285714285714314
2024-03-14,339.03,5.41,5.09,28.5,1.75,38.0,9.5,35.5,136.5,0.7071428571428597,32.71666666666667,25.0,3,21.25,2.635714285714289
2024-03-15,339.05,6.52,4.89,1.5,7.2,33.0,0.0,36.5,137.75,1.7571428571428598,33.083333333333336,22.0,3,20.5,1.9214285714285742
2024-03-16,339.15,8.53,4.9,0.0,4.65,27.0,0.0,34.0,123.75,2.721428571428574,33.333333333333336,14.0,3,21.5,1.3714285714285739
2024-03-17,339.26,10.83,4.9,6.0,3.7,25.5,0.0,39.25,126.0,3.4500000000000024,33.46666666666667,11.5,3,15.5,1.5000000000000024
2024-03-18,339.55,14.13,4.9,6.25,0.65,29.0,6.5,45.5,132.25,3.264285714285717,33.75,18.0,3,9.25,2.235714285714288
2024-03-19,339.74,9.5,4.89,0.0,2.2,27.5,0.0,43.25,132.25,3.20714285714286,34.03333333333333,17.5,3,14.75,2.3285714285714314
2024-03-20,339.84,7.87,5.56,7.0,-0.35000000000000003,33.0,8.0,49.25,136.25,2.8285714285714314,34.55,24.0,3,7.75,2.842857142857145
2024-03-21,339.89,6.63,5.97,0.5,0.3999999999999999,32.0,0.5,21.25,134.5,2.635714285714289,35.1,15.0,3,7.5,3.5785714285714314
2024-03-22,339.9,6.31,5.98,0.75,2.2,31.0,2.0,20.5,121.75,1.9214285714285742,35.13333333333333,17.0,3,28.0,4.600000000000002
2024-03-23,339.89,6.12,7.11,1.0,0.7999999999999999,26.5,1.5,21.5,122.5,1.3714285714285739,35.0,18.5,3,27.75,5.528571428571431
2024-03-24,339.84,6.79,7.78,0.0,4.6,26.0,0.5,15.5,122.5,1.5000000000000024,34.46666666666667,19.0,3,34.0,5.807142857142859
2024-03-25,339.83,8.22,8.22,0.0,5.8,24.0,0.0,9.25,122.5,2.235714285714288,33.93333333333333,12.5,3,35.75,5.72857142857143
2024-03-26,339.86,9.45,8.46,5.5,2.8499999999999996,25.5,3.5,14.75,124.75,2.3285714285714314,34.1,16.0,3,30.5,6.20714285714286
2024-03-27,339.86,8.13,8.46,0.0,3.25,25.5,0.0,7.75,120.5,2.842857142857145,34.13333333333333,8.0,3,30.5,6.750000000000002
2024-03-28,339.85,8.46,8.46,0.25,5.550000000000001,20.5,0.0,7.5,120.0,3.5785714285714314,34.166666666666664,7.5,3,30.25,7.335714285714289
2024-03-29,340.59,70.6,13.95,21.25,9.35,17.5,0.5,28.0,141.0,4.600000000000002,34.15,6.0,3,9.0,7.000000000000002
2024-03-30,342.08,51.51,17.58,0.75,7.3,15.0,0.0,27.75,141.75,5.528571428571431,34.05,4.5,3,8.25,7.20714285714286
2024-03-31,342.85,40.17,17.64,6.25,6.550000000000001,12.5,0.0,34.0,133.25,5.807142857142859,33.68333333333333,4.0,3,2.0,8.214285714285717
2024-04-01,343.36,30.23,17.66,1.75,5.25,9.5,0.0,35.75,122.75,5.72857142857143,32.5,4.0,4,0.25,9.507142857142858
2024-04-02,343.6,23.42,17.67,0.25,6.199999999999999,6.5,0.0,30.5,106.25,6.20714285714286,30.766666666666666,0.5,4,50.0,9.828571428571433
2024-04-03,343.71,20.53,17.66,0.0,7.05,3.0,0.0,30.5,95.25,6.750000000000002,28.666666666666668,0.5,4,50.0,9.614285714285716
2024-04-04,343.87,30.27,17.66,0.0,9.65,0.0,0.0,30.25,94.5,7.335714285714289,26.55,0.5,4,50.0,9.492857142857146
2024-04-05,344.26,29.14,17.67,0.0,7.0,0.0,0.0,9.0,94.5,7.000000000000002,24.866666666666667,0.0,4,50.0,10.27857142857143
2024-04-06,344.53,28.4,17.67,0.0,8.75,0.0,0.0,8.25,94.5,7.20714285714286,23.483333333333334,0.0,4,50.0,10.935714285714287
2024-04-07,345.05,46.11,17.7,0.0,13.6,0.0,0.0,2.0,94.0,8.214285714285717,22.183333333333334,0.0,4,50.0,11.042857142857144
2024-04-08,345.88,48.31,13.36,0.0,14.3,0.0,0.0,0.25,91.5,9.507142857142858,20.8,0.0,4,50.0,11.321428571428575
2024-04-09,347.36,114.24,32.7,50.0,8.45,0.0,0.0,50.0,140.75,9.828571428571433,19.466666666666665,0.0,4,0.0,12.221428571428573
2024-04-10,348.57,56.8,49.8,0.0,5.55,0.5,0.5,50.0,140.75,9.614285714285716,18.316666666666666,0.5,4,2.25,13.300000000000002
2024-04-11,348.46,39.11,48.16,0.0,8.8,0.0,0.0,50.0,138.5,9.492857142857146,17.283333333333335,0.5,4,2.25,14.014285714285718
2024-04-12,348.26,39.65,45.0,0.0,12.5,0.0,0.0,50.0,137.5,10.27857142857143,16.283333333333335,0.5,4,7.75,13.792857142857146
2024-04-13,348.16,40.66,43.54,0.0,13.35,0.0,0.0,50.0,109.0,10.935714285714287,15.016666666666667,0.5,4,10.0,13.257142857142858
2024-04-14,348.12,42.45,42.86,0.0,14.350000000000001,0.0,0.0,50.0,107.5,11.042857142857144,13.916666666666666,0.5,4,10.0,12.850000000000003
2024-04-15,348.13,44.71,43.06,0.0,16.25,0.0,0.0,50.0,107.5,11.321428571428575,13.016666666666667,0.5,4,10.0,12.435714285714289
2024-04-16,348.17,43.25,43.66,0.0,14.75,0.0,0.0,0.0,101.5,12.221428571428573,12.166666666666666,0.5,4,10.0,12.250000000000004
2024-04-17,348.14,41.47,43.12,2.25,13.100000000000001,0.0,0.0,2.25,97.5,13.300000000000002,11.2,0.0,4,12.5,12.300000000000002
2024-04-18,348.08,39.1,42.38,0.0,13.8,0.0,0.0,2.25,97.5,14.014285714285718,10.283333333333333,0.0,4,21.0,12.200000000000003
2024-04-19,348.0,40.0,41.21,5.5,10.95,0.0,0.0,7.75,96.0,13.792857142857146,9.183333333333334,0.0,4,15.5,13.021428571428572
2024-04-20,348.07,43.89,42.28,2.25,9.6,0.0,0.0,10.0,97.75,13.257142857142858,8.116666666666667,0.0,4,13.25,14.114285714285716
2024-04-21,347.97,33.29,40.93,0.0,11.5,0.0,0.0,10.0,97.0,12.850000000000003,7.083333333333333,0.0,4,13.25,14.921428571428574
2024-04-22,347.76,31.57,38.41,0.0,13.35,0.0,0.0,10.0,96.0,12.435714285714289,6.2,0.0,4,13.25,15.414285714285716
2024-04-23,347.61,29.32,36.56,0.0,13.45,0.0,0.0,10.0,96.0,12.250000000000004,5.333333333333333,0.0,4,23.0,15.757142857142862
2024-04-24,347.52,37.78,35.37,4.75,13.45,0.0,0.0,12.5,100.75,12.300000000000002,4.533333333333333,0.0,4,18.25,15.514285714285718
2024-04-25,347.76,48.19,38.53,8.5,13.1,0.0,0.0,21.0,103.75,12.200000000000003,3.683333333333333,0.0,4,9.75,15.40714285714286
2024-04-26,347.8,37.8,39.41,0.0,16.7,0.0,0.0,15.5,103.75,13.021428571428572,2.8333333333333335,0.0,4,9.75,14.864285714285717
2024-04-27,347.72,34.87,38.49,0.0,17.25,0.0,0.0,13.25,103.5,14.114285714285716,2.15,0.0,4,9.75,14.65714285714286
2024-04-28,347.61,32.14,36.97,0.0,17.15,0.0,0.0,13.25,82.25,14.921428571428574,1.5666666666666667,0.0,4,9.75,14.850000000000003
2024-04-29,347.48,29.23,35.27,0.0,16.8,0.0,0.0,13.25,81.5,15.414285714285716,1.0666666666666667,0.0,4,9.75,15.042857142857144
2024-04-30,347.37,29.49,33.92,9.75,15.85,0.0,0.0,23.0,85.0,15.757142857142862,0.65,0.0,4,8.75,15.100000000000003
2024-05-01,347.22,23.23,32.08,0.0,11.75,0.0,0.0,18.25,83.25,15.514285714285718,0.3333333333333333,0.0,5,9.25,14.742857142857146
2024-05-02,346.96,19.31,29.1,0.0,12.350000000000001,0.0,0.0,9.75,83.0,15.40714285714286,0.11666666666666667,0.0,5,9.25,14.27857142857143
2024-05-03,346.72,17.8,27.17,0.0,12.899999999999999,0.0,0.0,9.75,83.0,14.864285714285717,0.016666666666666666,0.0,5,9.25,14.250000000000004
2024-05-04,346.48,17.69,26.28,0.0,15.8,0.0,0.0,9.75,83.0,14.65714285714286,0.016666666666666666,0.0,5,9.25,14.292857142857146
2024-05-05,346.29,18.07,25.48,0.0,18.5,0.0,0.0,9.75,83.0,14.850000000000003,0.016666666666666666,0.0,5,9.25,14.221428571428573
2024-05-06,346.08,16.59,25.11,0.0,18.15,0.0,0.0,9.75,83.0,15.042857142857144,0.016666666666666666,0.0,5,25.75,13.700000000000003
2024-05-07,345.89,18.22,23.96,8.75,16.25,0.0,0.0,8.75,91.75,15.100000000000003,0.016666666666666666,0.0,5,17.0,13.464285714285717
2024-05-08,345.74,15.95,23.21,0.5,9.25,0.0,0.0,9.25,92.25,14.742857142857146,0.016666666666666666,0.0,5,16.5,14.392857142857144
2024-05-09,345.5,12.63,22.83,0.0,9.1,0.0,0.0,9.25,42.25,14.27857142857143,0.016666666666666666,0.0,5,19.0,15.457142857142859
2024-05-10,345.21,11.6,22.92,0.0,12.7,0.0,0.0,9.25,42.25,14.250000000000004,0.0,0.0,5,24.0,15.500000000000004
2024-05-11,344.92,12.57,22.93,0.0,16.1,0.0,0.0,9.25,42.25,14.292857142857146,0.0,0.0,5,24.0,15.507142857142862
2024-05-12,344.64,12.54,22.9,0.0,18.0,0.0,0.0,9.25,42.25,14.221428571428573,0.0,0.0,5,24.0,15.52857142857143
2024-05-13,344.41,16.2,22.86,16.5,14.5,0.0,0.0,25.75,58.75,13.700000000000003,0.0,0.0,5,16.25,15.750000000000002
2024-05-14,344.18,12.13,22.83,0.0,14.6,0.0,0.0,17.0,58.75,13.464285714285717,0.0,0.0,5,17.0,15.635714285714288
2024-05-15,343.86,10.96,22.81,0.0,15.75,0.0,0.0,16.5,58.75,14.392857142857144,0.0,0.0,5,17.0,15.471428571428573
2024-05-16,343.54,11.66,22.8,2.5,16.549999999999997,0.0,0.0,19.0,61.25,15.457142857142859,0.0,0.0,5,14.5,15.700000000000003
2024-05-17,343.25,11.99,22.77,5.0,13.0,0.0,0.0,24.0,64.0,15.500000000000004,0.0,0.0,5,11.75,16.21428571428572
2024-05-18,342.92,10.44,22.76,0.0,16.15,0.0,0.0,24.0,64.0,15.507142857142862,0.0,0.0,5,11.75,15.742857142857146
2024-05-19,342.55,9.11,22.76,0.0,18.15,0.0,0.0,24.0,58.5,15.52857142857143,0.0,0.0,5,11.75,15.271428571428574
2024-05-20,342.16,9.58,22.82,8.75,16.05,0.0,0.0,16.25,65.0,15.750000000000002,0.0,0.0,5,9.0,15.542857142857146
2024-05-21,341.79,9.4,22.78,0.75,13.8,0.0,0.0,17.0,65.75,15.635714285714288,0.0,0.0,5,39.25,15.800000000000002
2024-05-22,341.36,7.64,22.73,0.0,14.6,0.0,0.0,17.0,65.75,15.471428571428573,0.0,0.0,5,44.25,15.671428571428574
2024-05-23,340.92,8.19,22.7,0.0,18.15,0.0,0.0,14.5,65.75,15.700000000000003,0.0,0.0,5,44.25,15.507142857142858
2024-05-24,340.49,8.22,22.67,2.25,16.6,0.0,0.0,11.75,63.25,16.21428571428572,0.0,0.0,5,48.25,15.450000000000003
2024-05-25,340.05,6.99,22.62,0.0,12.850000000000001,0.0,0.0,11.75,54.75,15.742857142857146,0.0,0.0,5,50.25,15.885714285714286
2024-05-26,339.56,6.44,22.59,0.0,14.85,0.0,0.0,11.75,54.75,15.271428571428574,0.0,0.0,5,60.75,15.900000000000002
2024-05-27,339.07,6.9,22.57,6.0,17.95,0.0,0.0,9.0,60.75,15.542857142857146,0.0,0.0,5,59.5,15.492857142857147
2024-05-28,338.62,10.02,21.63,31.0,15.6,0.0,0.0,39.25,91.75,15.800000000000002,0.0,0.0,5,28.5,15.550000000000002
2024-05-29,338.47,16.75,21.27,5.0,13.7,0.0,0.0,44.25,96.75,15.671428571428574,0.0,0.0,5,23.5,15.885714285714288
2024-05-30,338.16,9.83,21.39,0.0,17.0,0.0,0.0,44.25,87.0,15.507142857142858,0.0,0.0,5,23.5,15.942857142857147
2024-05-31,337.79,9.23,21.22,6.25,16.2,0.0,0.0,48.25,93.25,15.450000000000003,0.0,0.0,5,17.25,16.192857142857147
2024-06-01,337.41,8.59,20.9,2.0,15.9,0.0,0.0,50.25,95.25,15.885714285714286,0.0,0.0,6,15.25,16.80714285714286
2024-06-02,337.01,9.64,20.85,10.5,14.95,0.0,0.0,60.75,105.75,15.900000000000002,0.0,0.0,6,4.75,17.564285714285717
2024-06-03,336.82,16.82,19.91,4.75,15.100000000000001,0.0,0.0,59.5,110.5,15.492857142857147,0.0,0.0,6,9.0,18.18571428571429
2024-06-04,336.65,12.17,19.27,0.0,16.0,0.0,0.0,28.5,110.5,15.550000000000002,0.0,0.0,6,9.0,18.98571428571429
2024-06-05,336.38,9.67,18.62,0.0,16.05,0.0,0.0,23.5,110.5,15.885714285714288,0.0,0.0,6,9.0,19.914285714285718
2024-06-06,336.08,8.69,18.17,0.0,17.4,0.0,0.0,23.5,101.75,15.942857142857147,0.0,0.0,6,9.0,20.75714285714286
2024-06-07,335.76,8.16,18.14,0.0,17.950000000000003,0.0,0.0,17.25,101.25,16.192857142857147,0.0,0.0,6,9.0,21.378571428571433
2024-06-08,335.42,7.55,18.13,0.0,20.2,0.0,0.0,15.25,101.25,16.80714285714286,0.0,0.0,6,9.0,21.664285714285718
2024-06-09,335.06,7.32,18.09,0.0,20.25,0.0,0.0,4.75,101.25,17.564285714285717,0.0,0.0,6,15.0,21.93571428571429
2024-06-10,334.7,7.47,17.54,9.0,19.45,0.0,0.0,9.0,110.25,18.18571428571429,0.0,0.0,6,8.75,22.22142857142857
2024-06-11,334.37,6.86,17.22,0.0,21.6,0.0,0.0,9.0,110.25,18.98571428571429,0.0,0.0,6,8.75,21.985714285714288
2024-06-12,333.99,5.82,17.2,0.0,22.55,0.0,0.0,9.0,93.75,19.914285714285718,0.0,0.0,6,8.75,21.892857142857146
2024-06-13,333.6,5.62,17.21,0.0,23.3,0.0,0.0,9.0,93.75,20.75714285714286,0.0,0.0,6,8.75,21.642857142857146
2024-06-14,333.19,5.1,17.22,0.0,22.299999999999997,0.0,0.0,9.0,93.75,21.378571428571433,0.0,0.0,6,8.75,21.557142857142857
2024-06-15,332.77,5.3,17.23,0.0,22.2,0.0,0.0,9.0,91.25,21.664285714285718,0.0,0.0,6,8.75,21.778571428571432
2024-06-16,332.34,4.68,17.18,6.0,22.15,0.0,0.0,15.0,92.25,21.93571428571429,0.0,0.0,6,11.25,21.47857142857143
2024-06-17,331.94,5.97,16.3,2.75,21.45,0.0,0.0,8.75,95.0,22.22142857142857,0.0,0.0,6,10.5,21.492857142857144
2024-06-18,331.56,4.76,15.61,0.0,19.95,0.0,0.0,8.75,95.0,21.985714285714288,0.0,0.0,6,26.25,21.678571428571427
2024-06-19,331.17,4.27,14.79,0.0,21.9,0.0,0.0,8.75,86.25,21.892857142857146,0.0,0.0,6,28.25,21.392857142857146
2024-06-20,330.8,4.26,14.33,0.0,21.549999999999997,0.0,0.0,8.75,85.5,21.642857142857146,0.0,0.0,6,28.25,21.25714285714286
2024-06-21,330.42,3.73,14.34,0.0,21.700000000000003,0.0,0.0,8.75,85.5,21.557142857142857,0.0,0.0,6,28.25,21.09285714285715
2024-06-22,330.01,4.06,15.3,0.0,23.75,0.0,0.0,8.75,85.5,21.778571428571432,0.0,0.0,6,28.25,21.028571428571436
2024-06-23,329.59,4.44,15.3,8.5,20.05,0.0,0.0,11.25,91.75,21.47857142857143,0.0,0.0,6,50.5,21.20714285714286
2024-06-24,329.23,8.67,14.49,2.0,21.55,0.0,0.0,10.5,93.75,21.492857142857144,0.0,0.0,6,61.0,21.23571428571429
2024-06-25,329.0,12.53,13.55,15.75,21.25,0.0,0.0,26.25,109.5,21.678571428571427,0.0,0.0,6,45.25,21.185714285714287
2024-06-26,328.92,6.91,13.05,2.0,19.9,0.0,0.0,28.25,105.5,21.392857142857146,0.0,0.0,6,78.75,21.185714285714287
2024-06-27,328.65,5.61,12.77,0.0,20.6,0.0,0.0,28.25,74.5,21.25714285714286,0.0,0.0,6,79.25,21.621428571428574
2024-06-28,328.36,4.68,12.35,0.0,20.549999999999997,0.0,0.0,28.25,69.5,21.09285714285715,0.0,0.0,6,82.5,22.064285714285717
2024-06-29,328.04,4.53,13.23,0.0,23.3,0.0,0.0,28.25,69.5,21.028571428571436,0.0,0.0,6,88.25,22.364285714285717
2024-06-30,327.72,8.89,13.24,30.75,21.3,0.0,0.0,50.5,94.0,21.20714285714286,0.0,0.0,6,89.5,22.714285714285715
2024-07-01,327.86,18.55,12.41,12.5,21.75,0.0,0.0,61.0,104.5,21.23571428571429,0.0,0.0,7,80.0,22.942857142857147
2024-07-02,327.93,10.38,11.91,0.0,20.9,0.0,0.0,45.25,94.0,21.185714285714287,0.0,0.0,7,181.5,23.150000000000006
2024-07-03,327.83,13.24,11.45,35.5,19.9,0.0,0.0,78.75,124.75,21.185714285714287,0.0,0.0,7,192.0,23.46428571428572
2024-07-04,328.04,14.14,11.07,0.5,23.65,0.0,0.0,79.25,125.25,21.621428571428574,0.0,0.0,7,192.5,23.38571428571429
2024-07-05,328.07,9.07,8.05,3.25,23.65,0.0,0.0,82.5,128.5,22.064285714285717,0.0,0.0,7,189.25,23.114285714285717
2024-07-06,328.23,9.83,4.71,5.75,25.4,0.0,0.0,88.25,134.25,22.364285714285717,0.0,0.0,7,183.5,22.64285714285715
2024-07-07,328.45,14.55,5.6,32.0,23.75,0.0,0.0,89.5,166.25,22.714285714285715,0.0,0.0,7,151.5,22.400000000000006
2024-07-08,328.99,31.34,14.71,3.0,23.35,0.0,0.0,80.0,169.25,22.942857142857147,0.0,0.0,7,149.25,22.48571428571429
2024-07-09,330.95,110.97,16.46,101.5,22.35,0.0,0.0,181.5,270.75,23.150000000000006,0.0,0.0,7,47.75,22.742857142857144
2024-07-10,333.69,62.0,14.0,46.0,22.1,0.0,0.0,192.0,307.75,23.46428571428572,0.0,0.0,7,2.75,23.06428571428572
2024-07-11,335.57,67.21,14.14,1.0,23.1,0.0,0.0,192.5,308.75,23.38571428571429,0.0,0.0,7,5.25,23.307142857142857
2024-07-12,336.53,31.12,10.66,0.0,21.75,0.0,0.0,189.25,308.75,23.114285714285717,0.0,0.0,7,9.25,23.835714285714293
2024-07-13,337.05,19.06,6.59,0.0,22.1,0.0,0.0,183.5,308.75,22.64285714285715,0.0,0.0,7,25.0,24.23571428571429
2024-07-14,337.34,14.0,7.29,0.0,22.05,0.0,0.0,151.5,308.75,22.400000000000006,0.0,0.0,7,25.0,24.828571428571433
2024-07-15,337.41,11.37,14.89,0.75,23.95,0.0,0.0,149.25,309.5,22.48571428571429,0.0,0.0,7,24.25,25.21428571428572
2024-07-16,337.19,10.13,17.8,0.0,24.15,0.0,0.0,47.75,303.5,22.742857142857144,0.0,0.0,7,24.25,25.592857142857145
2024-07-17,336.94,9.11,17.74,1.0,24.35,0.0,0.0,2.75,301.75,23.06428571428572,0.0,0.0,7,73.75,25.700000000000006
2024-07-18,336.67,8.76,17.71,3.5,24.8,0.0,0.0,5.25,305.25,23.307142857142857,0.0,0.0,7,144.25,25.278571428571436
2024-07-19,336.37,7.76,17.67,4.0,25.450000000000003,0.0,0.0,9.25,309.25,23.835714285714293,0.0,0.0,7,154.75,25.050000000000004
2024-07-20,336.09,9.78,17.6,15.75,24.9,0.0,0.0,25.0,325.0,24.23571428571429,0.0,0.0,7,157.25,24.72142857142857
2024-07-21,335.82,8.48,17.86,0.0,26.200000000000003,0.0,0.0,25.0,325.0,24.828571428571433,0.0,0.0,7,164.5,24.550000000000004
2024-07-22,335.45,6.98,19.99,0.0,26.65,0.0,0.0,24.25,325.0,25.21428571428572,0.0,0.0,7,168.75,24.45714285714286
2024-07-23,334.98,7.21,21.25,0.0,26.8,0.0,0.0,24.25,316.5,25.592857142857145,0.0,0.0,7,177.5,24.378571428571433
2024-07-24,334.75,37.43,21.27,50.5,25.1,0.0,0.0,73.75,365.0,25.700000000000006,0.0,0.0,7,127.0,24.47142857142857
2024-07-25,337.44,129.65,21.63,74.0,21.85,0.0,0.0,144.25,423.25,25.278571428571436,0.0,0.0,7,53.0,24.892857142857146
2024-07-26,339.82,86.98,21.94,14.5,23.85,0.0,0.0,154.75,435.75,25.050000000000004,0.0,0.0,7,38.5,25.164285714285718
2024-07-27,341.48,77.27,22.15,18.25,22.6,0.0,0.0,157.25,454.0,24.72142857142857,0.0,0.0,7,20.25,25.807142857142857
2024-07-28,342.84,52.64,22.37,7.25,25.0,0.0,0.0,164.5,461.25,24.550000000000004,0.0,0.0,7,13.5,26.142857142857146
2024-07-29,343.41,38.52,25.69,4.25,26.0,0.0,0.0,168.75,465.5,24.45714285714286,0.0,0.0,7,9.75,26.321428571428573
2024-07-30,343.62,34.7,32.13,8.75,26.25,0.0,0.0,177.5,443.5,24.378571428571433,0.0,0.0,7,1.0,26.428571428571427
2024-07-31,343.62,31.73,34.3,0.0,25.75,0.0,0.0,127.0,431.0,24.47142857142857,0.0,0.0,7,4.5,26.57857142857143
2024-08-01,343.38,20.96,33.06,0.0,24.799999999999997,0.0,0.0,53.0,431.0,24.892857142857146,0.0,0.0,8,4.5,26.778571428571432
2024-08-02,343.07,16.44,25.95,0.0,25.75,0.0,0.0,38.5,395.5,25.164285714285718,0.0,0.0,8,4.5,26.871428571428574
2024-08-03,342.82,14.36,23.72,0.0,27.1,0.0,0.0,20.25,395.0,25.807142857142857,0.0,0.0,8,4.5,26.742857142857144
2024-08-04,342.52,11.9,23.68,0.5,27.35,0.0,0.0,13.5,392.25,26.142857142857146,0.0,0.0,8,4.0,26.48571428571429
2024-08-05,342.17,11.01,22.78,0.5,27.25,0.0,0.0,9.75,387.0,26.321428571428573,0.0,0.0,8,51.25,26.157142857142862
2024-08-06,341.82,9.84,22.26,0.0,27.0,0.0,0.0,1.0,355.0,26.428571428571427,0.0,0.0,8,75.0,26.078571428571433
2024-08-07,341.49,16.37,22.23,3.5,26.799999999999997,0.0,0.0,4.5,355.5,26.57857142857143,0.0,0.0,8,72.25,25.97142857142858
2024-08-08,341.38,14.29,22.22,0.0,26.2,0.0,0.0,4.5,254.0,26.778571428571432,0.0,0.0,8,77.0,26.078571428571433
2024-08-09,341.08,10.63,21.81,0.0,26.4,0.0,0.0,4.5,208.0,26.871428571428574,0.0,0.0,8,81.0,26.128571428571433
2024-08-10,340.74,9.26,20.86,0.0,26.2,0.0,0.0,4.5,207.0,26.742857142857144,0.0,0.0,8,85.75,26.178571428571438
2024-08-11,340.39,8.52,20.12,0.0,25.55,0.0,0.0,4.0,207.0,26.48571428571429,0.0,0.0,8,85.75,26.200000000000006
2024-08-12,340.13,19.13,19.13,47.75,24.950000000000003,0.0,0.0,51.25,254.75,26.157142857142862,0.0,0.0,8,38.0,26.28571428571429
2024-08-13,340.22,23.12,18.48,23.75,26.450000000000003,0.0,0.0,75.0,278.5,26.078571428571433,0.0,0.0,8,14.25,26.171428571428574
2024-08-14,340.43,21.84,19.19,0.75,26.05,0.0,0.0,72.25,278.5,25.97142857142858,0.0,0.0,8,13.5,25.97142857142857
2024-08-15,340.39,16.33,19.65,4.75,26.95,0.0,0.0,77.0,283.25,26.078571428571433,0.0,0.0,8,8.75,25.70714285714286
2024-08-16,340.25,13.65,19.62,4.0,26.75,0.0,0.0,81.0,286.25,26.128571428571433,0.0,0.0,8,5.0,25.771428571428576
2024-08-17,340.04,12.78,19.6,4.75,26.55,0.0,0.0,85.75,287.5,26.178571428571438,0.0,0.0,8,1.5,25.821428571428577
2024-08-18,339.84,12.55,19.58,0.0,25.700000000000003,0.0,0.0,85.75,283.5,26.200000000000006,0.0,0.0,8,28.75,25.78571428571429
2024-08-19,339.59,10.91,19.54,0.0,25.549999999999997,0.0,0.0,38.0,267.75,26.28571428571429,0.0,0.0,8,29.75,25.864285714285717
2024-08-20,339.34,9.56,15.63,0.0,25.65,0.0,0.0,14.25,267.75,26.171428571428574,0.0,0.0,8,71.0,25.957142857142863
2024-08-21,339.19,8.49,13.29,0.0,24.65,0.0,0.0,13.5,267.75,25.97142857142857,0.0,0.0,8,111.25,25.892857142857146
2024-08-22,339.04,8.16,13.28,0.0,25.1,0.0,0.0,8.75,267.75,25.70714285714286,0.0,0.0,8,112.25,25.828571428571433
2024-08-23,338.86,7.2,13.27,0.25,27.200000000000003,0.0,0.0,5.0,217.5,25.771428571428576,0.0,0.0,8,157.5,25.38571428571429
2024-08-24,338.64,6.28,14.59,1.25,26.9,0.0,0.0,1.5,144.75,25.821428571428577,0.0,0.0,8,174.75,25.142857142857146
2024-08-25,338.39,8.87,14.62,27.25,25.450000000000003,0.0,0.0,28.75,157.5,25.78571428571429,0.0,0.0,8,147.5,25.142857142857146
2024-08-26,338.27,8.79,13.27,1.0,26.1,0.0,0.0,29.75,140.25,25.864285714285717,0.0,0.0,8,166.0,24.80714285714286
2024-08-27,338.1,8.05,12.85,41.25,26.3,0.0,0.0,71.0,174.25,25.957142857142863,0.0,0.0,8,126.5,24.08571428571429
2024-08-28,338.07,13.88,12.6,40.25,24.2,0.0,0.0,111.25,210.25,25.892857142857146,0.0,0.0,8,86.25,23.82142857142858
2024-08-29,338.05,10.36,12.6,1.0,24.65,0.0,0.0,112.25,202.5,25.828571428571433,0.0,0.0,8,85.25,23.657142857142865
2024-08-30,338.34,37.54,12.28,45.5,24.1,0.0,0.0,157.5,248.0,25.38571428571429,0.0,0.0,8,40.0,23.464285714285722
2024-08-31,339.01,24.49,13.3,18.5,25.200000000000003,0.0,0.0,174.75,266.5,25.142857142857146,0.0,0.0,8,24.0,23.300000000000004
2024-09-01,339.21,16.54,13.34,0.0,25.450000000000003,0.0,0.0,147.5,266.5,25.142857142857146,0.0,0.0,9,24.0,22.98571428571429
2024-09-02,339.29,14.68,12.44,19.5,23.75,0.0,0.0,166.0,286.0,24.80714285714286,0.0,0.0,9,4.5,22.757142857142863
2024-09-03,339.36,14.97,12.73,1.75,21.25,0.0,0.0,126.5,287.25,24.08571428571429,0.0,0.0,9,2.75,23.178571428571427
2024-09-04,339.38,12.09,12.73,0.0,22.35,0.0,0.0,86.25,286.75,23.82142857142858,0.0,0.0,9,2.75,23.75714285714286
2024-09-05,339.34,10.81,12.73,0.0,23.5,0.0,0.0,85.25,286.75,23.657142857142865,0.0,0.0,9,2.75,24.092857142857145
2024-09-06,339.27,9.84,12.72,0.25,22.75,0.0,0.0,40.0,283.5,23.464285714285722,0.0,0.0,9,3.25,24.25
2024-09-07,339.15,9.44,14.24,2.5,24.049999999999997,0.0,0.0,24.0,286.0,23.300000000000004,0.0,0.0,9,1.0,23.86428571428572
2024-09-08,338.99,8.48,14.23,0.0,23.25,0.0,0.0,24.0,286.0,22.98571428571429,0.0,0.0,9,1.5,23.900000000000006
2024-09-09,338.81,7.41,12.84,0.0,22.15,0.0,0.0,4.5,286.0,22.757142857142863,0.0,0.0,9,1.5,23.75714285714286
2024-09-10,338.62,6.81,12.56,0.0,24.2,0.0,0.0,2.75,286.0,23.178571428571427,0.0,0.0,9,1.5,23.450000000000006
2024-09-11,338.5,5.91,6.87,0.0,26.4,0.0,0.0,2.75,238.25,23.75714285714286,0.0,0.0,9,2.75,22.878571428571433
2024-09-12,338.54,5.77,3.85,0.0,25.85,0.0,0.0,2.75,214.5,24.092857142857145,0.0,0.0,9,10.75,22.47857142857143
2024-09-13,338.59,5.13,3.85,0.75,23.85,0.0,0.0,3.25,214.5,24.25,0.0,0.0,9,84.75,22.121428571428574
2024-09-14,338.56,5.45,8.33,0.25,21.35,0.0,0.0,1.0,210.0,23.86428571428572,0.0,0.0,9,174.25,21.057142857142857
2024-09-15,338.47,5.16,8.36,0.5,23.5,0.0,0.0,1.5,206.5,23.900000000000006,0.0,0.0,9,226.75,19.900000000000002
2024-09-16,338.36,4.59,8.43,0.0,21.15,0.0,0.0,1.5,201.75,23.75714285714286,0.0,0.0,9,228.5,19.271428571428576
2024-09-17,338.31,4.25,3.93,0.0,22.049999999999997,0.0,0.0,1.5,201.75,23.450000000000006,0.0,0.0,9,228.75,18.21428571428572
2024-09-18,338.32,4.57,3.93,1.25,22.4,0.0,0.0,2.75,203.0,22.878571428571433,0.0,0.0,9,227.5,17.38571428571429
2024-09-19,338.29,4.33,9.45,8.0,23.05,0.0,0.0,10.75,211.0,22.47857142857143,0.0,0.0,9,220.25,17.014285714285716
2024-09-20,338.71,42.82,6.69,74.75,21.35,0.0,0.0,84.75,285.75,22.121428571428574,0.0,0.0,9,145.5,17.078571428571433
2024-09-21,340.29,87.14,8.33,89.75,13.9,0.0,0.0,174.25,375.5,21.057142857142857,0.0,0.0,9,55.75,18.000000000000004
2024-09-22,343.27,119.93,11.84,53.0,15.399999999999999,0.0,0.0,226.75,428.25,19.900000000000002,0.0,0.0,9,2.75,18.571428571428577
2024-09-23,345.14,48.72,25.25,1.75,16.75,0.0,0.0,228.5,428.75,19.271428571428576,0.0,0.0,9,1.0,18.72142857142857
2024-09-24,345.38,26.99,27.36,0.25,14.65,0.0,0.0,228.75,401.75,18.21428571428572,0.0,0.0,9,0.75,19.514285714285716
2024-09-25,345.19,19.29,29.56,0.0,16.6,0.0,0.0,227.5,400.75,17.38571428571429,0.0,0.0,9,1.0,19.93571428571429
2024-09-26,344.86,15.88,29.45,0.75,20.45,0.0,0.0,220.25,360.25,17.014285714285716,0.0,0.0,9,1.75,19.428571428571434
2024-09-27,344.46,12.6,27.64,0.0,21.8,0.0,0.0,145.5,320.0,17.078571428571433,0.0,0.0,9,12.0,18.85714285714286
2024-09-28,344.1,10.99,22.36,0.0,20.35,0.0,0.0,55.75,319.0,18.000000000000004,0.0,0.0,9,12.0,18.514285714285716
2024-09-29,343.8,9.83,20.83,0.0,19.4,0.0,0.0,2.75,273.5,18.571428571428577,0.0,0.0,9,12.75,18.321428571428577
2024-09-30,343.5,9.11,20.11,0.0,17.8,0.0,0.0,1.0,255.0,18.72142857142857,0.0,0.0,9,25.5,18.221428571428575
2024-10-01,343.21,8.47,18.74,0.0,20.2,0.0,0.0,0.75,255.0,19.514285714285716,0.0,0.0,10,26.5,17.578571428571433
2024-10-02,342.93,7.95,17.88,0.25,19.55,0.0,0.0,1.0,235.75,19.93571428571429,0.0,0.0,10,26.25,16.87857142857143
2024-10-03,342.74,7.09,8.48,1.5,16.9,0.0,0.0,1.75,235.5,19.428571428571434,0.0,0.0,10,24.75,16.428571428571434
2024-10-04,342.81,7.69,3.88,10.25,17.8,0.0,0.0,12.0,245.75,18.85714285714286,0.0,0.0,10,14.5,15.821428571428575
2024-10-05,342.85,7.16,8.89,0.0,17.95,0.0,0.0,12.0,245.75,18.514285714285716,0.0,0.0,10,14.5,15.300000000000006
2024-10-06,342.79,6.75,8.83,0.75,18.05,0.0,0.0,12.75,246.25,18.321428571428577,0.0,0.0,10,13.75,14.800000000000006
2024-10-07,342.79,6.67,3.9,12.75,17.1,0.0,0.0,25.5,256.5,18.221428571428575,0.0,0.0,10,1.0,14.242857142857147
2024-10-08,342.89,7.01,3.89,1.0,15.7,0.0,0.0,26.5,257.5,17.578571428571433,0.0,0.0,10,0.75,14.40714285714286
2024-10-09,342.96,5.62,3.87,0.0,14.649999999999999,0.0,0.0,26.25,257.5,16.87857142857143,0.0,0.0,10,8.0,14.807142857142862
2024-10-10,343.01,5.7,3.87,0.0,13.75,0.0,0.0,24.75,257.5,16.428571428571434,0.0,0.0,10,8.25,14.88571428571429
2024-10-11,343.05,5.35,3.88,0.0,13.55,0.0,0.0,14.5,257.5,15.821428571428575,0.0,0.0,10,11.5,15.057142857142862
2024-10-12,343.01,4.81,8.82,0.0,14.3,0.0,0.0,14.5,257.5,15.300000000000006,0.0,0.0,10,23.75,15.478571428571431
2024-10-13,342.9,4.66,8.82,0.0,14.55,0.0,0.0,13.75,256.75,14.800000000000006,0.0,0.0,10,23.75,14.65714285714286
2024-10-14,342.78,4.66,8.82,0.0,13.2,0.0,0.0,1.0,256.5,14.242857142857147,0.0,0.0,10,23.75,14.100000000000005
2024-10-15,342.72,4.22,3.87,0.75,16.85,0.0,0.0,0.75,256.75,14.40714285714286,0.0,0.0,10,23.25,13.692857142857148
2024-10-16,342.74,4.56,3.87,7.25,17.45,0.0,0.0,8.0,264.0,14.807142857142862,0.0,0.0,10,25.5,13.828571428571433
2024-10-17,342.75,4.04,4.39,0.25,14.3,0.0,0.0,8.25,264.25,14.88571428571429,0.0,0.0,10,25.5,14.171428571428576
2024-10-18,342.74,4.5,4.5,3.25,14.75,0.0,0.0,11.5,266.25,15.057142857142862,0.0,0.0,10,22.25,14.000000000000004
2024-10-19,342.69,6.1,8.87,12.25,17.25,0.0,0.0,23.75,270.5,15.478571428571431,0.0,0.0,10,10.0,13.157142857142862
2024-10-20,342.62,5.75,8.87,0.0,8.8,0.0,0.0,23.75,195.75,14.65714285714286,0.0,0.0,10,10.0,13.850000000000005
2024-10-21,342.57,4.22,4.91,0.0,9.3,0.0,0.0,23.75,106.0,14.100000000000005,0.0,0.0,10,10.5,14.40714285714286
2024-10-22,342.53,4.27,4.62,0.25,14.0,0.0,0.0,23.25,53.25,13.692857142857148,0.0,0.0,10,10.25,13.707142857142859
2024-10-23,342.54,3.95,3.6,9.5,18.4,0.0,0.0,25.5,61.0,13.828571428571433,0.0,0.0,10,0.75,12.771428571428576
2024-10-24,342.56,4.29,3.6,0.25,16.7,0.0,0.0,25.5,61.0,14.171428571428576,0.0,0.0,10,0.5,12.092857142857147
2024-10-25,342.57,3.9,4.25,0.0,13.55,0.0,0.0,22.25,61.0,14.000000000000004,0.0,0.0,10,0.5,11.778571428571434
2024-10-26,342.44,3.96,11.93,0.0,11.35,0.0,0.0,10.0,60.25,13.157142857142862,0.0,0.0,10,11.75,11.90714285714286
2024-10-27,342.21,4.05,12.02,0.0,13.65,0.0,0.0,10.0,60.25,13.850000000000005,0.0,0.0,10,11.75,11.335714285714289
2024-10-28,342.06,3.28,5.01,0.5,13.2,0.0,0.0,10.5,60.75,14.40714285714286,0.0,0.0,10,19.25,10.935714285714289
2024-10-29,342.05,3.54,3.88,0.0,9.1,0.0,0.0,10.25,60.75,13.707142857142859,0.0,0.0,10,20.5,11.028571428571434
2024-10-30,342.04,3.54,3.88,0.0,11.85,0.0,0.0,0.75,60.75,12.771428571428576,0.0,0.0,10,25.5,10.392857142857148
2024-10-31,342.02,3.19,3.88,0.0,11.95,0.0,0.0,0.5,60.75,12.092857142857147,0.0,0.0,10,32.5,9.392857142857148
2024-11-01,342.0,3.19,3.88,0.0,11.350000000000001,0.0,0.0,0.5,60.5,11.778571428571434,0.0,0.0,11,32.5,8.592857142857147
2024-11-02,341.92,4.74,8.88,11.25,12.25,0.0,0.0,11.75,70.25,11.90714285714286,0.0,0.0,11,21.25,7.928571428571432
2024-11-03,341.8,4.05,8.88,0.0,9.649999999999999,0.0,0.0,11.75,60.0,11.335714285714289,0.0,0.0,11,21.25,7.871428571428575
2024-11-04,341.66,4.06,8.89,8.0,10.4,0.0,0.0,19.25,68.0,10.935714285714289,0.0,0.0,11,13.5,7.885714285714291
2024-11-05,341.63,5.93,3.86,1.25,9.75,0.0,0.0,20.5,68.5,11.028571428571434,0.0,0.0,11,13.25,7.807142857142862
2024-11-06,341.66,4.89,3.86,5.0,7.4,0.0,0.0,25.5,60.75,10.392857142857148,0.0,0.0,11,8.5,7.814285714285718
2024-11-07,341.74,7.2,3.75,7.0,4.95,0.0,0.0,32.5,66.75,9.392857142857148,0.0,0.0,11,1.5,7.907142857142861
2024-11-08,341.82,5.94,3.53,0.0,5.75,0.0,0.0,32.5,66.75,8.592857142857147,0.0,0.0,11,1.5,8.371428571428575
2024-11-09,341.89,6.31,3.55,0.0,7.6,0.0,0.0,21.25,66.75,7.928571428571432,0.0,0.0,11,1.5,8.578571428571433
2024-11-10,341.98,6.69,3.59,0.0,9.25,0.0,0.0,21.25,66.75,7.871428571428575,0.0,0.0,11,15.5,9.050000000000004
2024-11-11,342.07,7.06,3.6,0.25,10.5,0.0,0.0,13.5,67.0,7.885714285714291,0.0,0.0,11,19.75,8.13571428571429
2024-11-12,342.16,6.03,3.6,1.0,9.2,0.0,0.0,13.25,68.0,7.807142857142862,0.0,0.0,11,19.25,7.071428571428576
2024-11-13,342.22,5.29,3.56,0.25,7.449999999999999,0.0,0.0,8.5,68.25,7.814285714285718,0.0,0.0,11,19.0,6.357142857142861
2024-11-14,342.26,4.93,3.54,0.0,5.6,0.0,0.0,1.5,67.5,7.907142857142861,0.0,0.0,11,19.0,6.271428571428575
2024-11-15,342.29,4.23,3.54,0.0,9.0,0.0,0.0,1.5,60.25,8.371428571428575,0.0,0.0,11,28.0,5.778571428571433
2024-11-16,342.31,4.23,3.54,0.0,9.05,0.0,0.0,1.5,60.0,8.578571428571433,0.0,0.0,11,34.75,5.178571428571432
2024-11-17,342.33,4.62,3.58,14.0,12.55,0.0,0.0,15.5,70.75,9.050000000000004,0.0,0.0,11,20.75,3.9642857142857184
2024-11-18,342.43,8.05,3.54,4.5,4.1,2.0,2.0,19.75,63.0,8.13571428571429,0.06666666666666667,2.0,11,16.25,3.9714285714285755
2024-11-19,342.52,5.62,3.54,0.5,1.75,2.0,0.5,19.25,63.5,7.071428571428576,0.13333333333333333,2.5,11,18.25,4.728571428571433
2024-11-20,342.57,5.62,3.54,0.0,2.45,0.0,0.0,19.0,63.5,6.357142857142861,0.13333333333333333,2.5,11,28.25,5.9428571428571475
2024-11-21,342.63,5.96,4.23,0.0,5.0,0.0,0.0,19.0,63.25,6.271428571428575,0.13333333333333333,2.5,11,44.25,6.03571428571429
2024-11-22,342.68,8.62,4.81,9.0,5.55,0.0,0.0,28.0,62.75,5.778571428571433,0.13333333333333333,2.5,11,54.5,5.678571428571433
2024-11-23,342.86,10.36,3.77,6.75,4.85,0.0,0.0,34.75,69.25,5.178571428571432,0.13333333333333333,2.5,11,65.5,5.342857142857148
2024-11-24,343.03,9.23,3.77,0.0,4.050000000000001,0.0,0.0,20.75,69.25,3.9642857142857184,0.13333333333333333,2.5,11,67.75,5.314285714285718
2024-11-25,343.15,7.45,3.78,0.0,4.15,0.0,0.0,16.25,69.25,3.9714285714285755,0.13333333333333333,0.5,11,67.75,5.1928571428571475
2024-11-26,343.25,7.45,3.78,2.5,7.05,0.0,0.0,18.25,71.75,4.728571428571433,0.13333333333333333,0.0,11,69.5,4.83571428571429
2024-11-27,343.45,14.42,3.79,10.0,10.95,0.0,0.0,28.25,81.25,5.9428571428571475,0.13333333333333333,0.0,11,61.5,3.8642857142857183
2024-11-28,343.7,14.26,7.66,16.0,5.65,0.0,0.0,44.25,97.25,6.03571428571429,0.13333333333333333,0.0,11,48.25,3.4500000000000037
2024-11-29,343.85,15.72,10.22,19.25,3.05,0.5,0.5,54.5,116.5,5.678571428571433,0.15,0.5,11,38.75,3.271428571428576
2024-11-30,344.04,15.36,6.19,17.75,2.5,1.5,2.0,65.5,134.25,5.342857142857148,0.2,2.5,11,25.5,2.88571428571429
2024-12-01,344.31,12.95,3.78,2.25,3.85,1.0,0.0,67.75,136.5,5.314285714285718,0.23333333333333334,2.5,12,30.25,2.314285714285718
2024-12-02,344.47,10.66,10.66,0.0,3.3,0.0,0.0,67.75,125.25,5.1928571428571475,0.23333333333333334,2.5,12,33.5,1.9500000000000042
2024-12-03,344.34,12.56,17.69,4.25,4.55,0.0,0.0,69.5,129.5,4.83571428571429,0.23333333333333334,2.5,12,30.25,1.6285714285714328
2024-12-04,344.25,15.83,17.66,2.0,4.15,0.0,0.0,61.5,123.5,3.8642857142857183,0.23333333333333334,2.5,12,30.75,1.2428571428571469
2024-12-05,344.19,13.95,17.62,2.75,2.75,0.0,0.0,48.25,125.0,3.4500000000000037,0.23333333333333334,2.5,12,35.5,0.7285714285714328
2024-12-06,344.07,13.22,17.62,9.75,1.8,3.0,3.0,38.75,129.75,3.271428571428576,0.3333333333333333,5.0,12,28.0,0.5214285714285756
2024-12-07,343.92,11.02,17.62,4.5,-0.20000000000000007,7.5,6.5,25.5,127.25,2.88571428571429,0.5833333333333334,9.5,12,24.5,0.550000000000004
2024-12-08,343.74,10.63,17.6,7.0,-0.15000000000000002,15.5,9.5,30.25,134.25,2.314285714285718,1.1,19.0,12,33.25,0.5571428571428612
2024-12-09,343.56,8.8,13.2,3.25,0.75,14.0,3.5,33.5,137.5,1.9500000000000042,1.5666666666666667,22.5,12,36.0,0.30714285714286127
2024-12-10,343.49,8.29,10.49,1.0,2.3,10.5,0.0,30.25,138.5,1.6285714285714328,1.9166666666666667,22.5,12,35.75,-0.2785714285714244
2024-12-11,343.43,7.91,10.48,2.5,1.4500000000000002,7.5,4.0,30.75,140.75,1.2428571428571469,2.1666666666666665,26.5,12,35.25,-0.807142857142853
2024-12-12,343.36,7.61,9.44,7.5,-0.85,24.0,17.5,35.5,147.25,0.7285714285714328,2.966666666666667,44.0,12,28.25,-1.0999999999999959
2024-12-13,343.32,7.31,8.78,2.25,0.35,24.0,1.5,28.0,149.25,0.5214285714285756,3.7666666666666666,42.5,12,27.25,-0.8928571428571388
2024-12-14,343.28,6.95,8.78,1.0,0.0,21.5,3.0,24.5,150.25,0.550000000000004,4.483333333333333,39.0,12,29.0,-0.9142857142857101
2024-12-15,343.25,7.64,6.91,15.75,-0.10000000000000003,33.0,16.0,33.25,166.0,0.5571428571428612,5.583333333333333,45.5,12,17.5,-0.9714285714285673
2024-12-16,343.29,6.89,5.79,6.0,-1.0,38.5,8.5,36.0,172.0,0.30714285714286127,6.866666666666666,50.5,12,18.5,-1.06428571428571
2024-12-17,343.31,6.22,5.85,0.75,-1.7999999999999998,31.5,0.5,35.75,158.75,-0.2785714285714244,7.916666666666667,51.0,12,25.0,-1.0428571428571387
2024-12-18,343.32,6.24,5.87,2.0,-2.25,33.0,6.5,35.25,156.25,-0.807142857142853,8.95,53.5,12,23.5,-0.5785714285714244
2024-12-19,343.32,5.87,5.87,0.5,-2.9,29.5,2.0,28.25,156.25,-1.0999999999999959,9.866666666666667,38.0,12,33.75,-0.08571428571428157
2024-12-20,343.31,5.51,5.88,1.25,1.7999999999999998,28.0,0.5,27.25,157.5,-0.8928571428571388,10.8,37.0,12,38.0,-0.5928571428571388
2024-12-21,343.3,5.51,5.88,2.75,-0.15000000000000002,23.5,0.0,29.0,160.25,-0.9142857142857101,11.583333333333334,34.0,12,35.25,-0.7357142857142815
2024-12-22,343.31,6.41,5.68,4.25,-0.5,28.0,9.0,17.5,155.5,-0.9714285714285673,12.516666666666667,27.0,12,40.75,-0.9357142857142815
2024-12-23,343.33,5.83,5.1,7.0,-1.65,37.0,12.0,18.5,155.75,-1.06428571428571,13.75,30.5,12,34.75,-0.6428571428571387
2024-12-24,343.36,5.55,4.82,7.25,-1.65,46.0,11.0,25.0,163.0,-1.0428571428571387,15.283333333333333,41.0,12,37.75,-0.307142857142853
